21,84,35,92,58,33,29,79,56,24,95,28,19,46,37
56,55,76,19,37,36,16,86,57,85,18,48,78
49,37,36,13,44,16,86,57,63,85,11,18,48,17,78,53,75,39,31,59,93,98,45
11,18,48,17,78,53,75,39,73,31,59,93,45,82,42,25,21,84,51,35,54,61,92
39,73,31,59,98,45,82,42,21,84,51,35,61,71,33,29,79
54,61,71,58,33,29,32,24,55
75,82,84,71,33
42,21,84,58,99,29,79,32,24,76,46
17,39,73,31,59,45,82,42,54,92,99
17,78,53,75,73,31,59,93,98,45,82,42,25,84,51,35,54,61,92,71,99
32,24,95,55,76,19,46,49,37,36,13,44,16,86,57,63,85,11,18,48,17,78,53
57,63,85,11,18,48,17,78,53,39,73,31,59,93,98,45,82,42,25,21,84,51,35
39,73,31,59,45,82,42,21,51,54,61,92,99,29,56
48,75,39,73,59,93,25,51,54,61,58
95,28,55,76,46,49,13,16,57,63,85,11,18,48,17,78,53,75,39
73,31,59,93,98,45,25,21,84,35,54,61,92,71,58,99,33,29,79,56,32
75,73,31,59,93,45,82,42,25,21,84,51,35,54,92,71,58,99,33,29,79
99,29,79,56,32,24,28,55,76,46,49,37,36,44,86,57,63,85,11
13,44,16,86,57,63,85,11,18,48,17,78,53,75,39,73,31,59,93,98,45,82,42
85,17,78,53,75,73,59,93,98,45,82,25,21,35,54
86,11,48,17,53,75,31,93,25,21,84
95,28,76,49,44,86,57,85,18
11,18,48,17,78,53,75,39,73,59,93,98,45,82,42,25,21,84,51,35,54,61,92
76,19,49,37,36,57,85,11,18,17,78,53,75,39,73
76,37,57,85,17,39,59
76,19,36,13,16,86,57,63,85,11,18,48,17,73,59
16,86,57,63,85,11,48,17,78,53,39,73,59,98,45,82,42,21,84
75,73,98,82,42,21,51,35,61,71,99,29,79
19,46,49,37,36,13,16,86,57,63,85,11,78,53,75,39,73,31,59
82,25,21,84,51,35,61,92,71,99,29,32,24,95,19
61,92,71,58,99,33,29,79,56,32,24,95,28,55,19,46,49,13,44,16,86
98,45,82,42,21,84,51,35,54,61,92,71,58,99,33,29,32,24,95,28,55
24,95,28,55,76,46,49,36,13,44,16,63,18,48,17,78,75
79,24,76,19,37,36,57,48,17
11,18,48,17,78,53,75,39,73,31,59,93,98,45,82,42,21,84,51,35,54,61,92
36,13,44,16,86,57,63,85,11,48,17,78,53,75,39,73,31,59,93,98,45,82,42
85,18,53,73,31,82,84
37,36,13,44,16,86,57,63,85,18,17,78,53,75,39,73,31,59,93,98,82
78,53,39,59,82,42,25,21,84,51,61,92,71,58,99
45,82,42,25,21,84,51,35,54,92,71,58,99,33,29,79,56,32,24,95,28,55,76
84,92,71,99,32
59,98,45,82,25,21,84,35,54,92,71,58,99,33,79,56,32,24,95
57,63,18,48,17,75,39,73,31,59,98,45,82,42,25,21,84,51,35
63,11,18,48,17,78,53,75,39,31,93,98,45,82,25,84,51,35,54
61,71,99,33,29,95,86
31,98,21,84,92,29,32
46,49,37,13,44,16,86,57,85,11,48,17,78,53,31,93,98
99,33,29,79,32,95,76,19,46,37,13,86,63,85,11
46,49,37,36,13,44,16,86,57,63,85,11,18,48,78,39,73,31,59,93,98
35,54,61,92,71,58,99,33,29,79,56,32,24,95,28,76,19,46,49,37,36,13,44
32,24,95,55,19,49,37,13,44,16,86,57,63,18,48
13,63,11,18,78,53,39,73,93,98,45,82,25
56,32,24,95,28,55,76,19,46,49,37,36,13,44,16,57,63,85,11,18,48,17,78
71,58,99,33,29,95,28,55,46,36,13,16,63
21,84,51,35,54,61,92,33,29,79,32,24,95,76,19,46,37
51,35,54,71,99,33,95,28,76,19,49
76,49,37,13,44,16,86,57,63,85,11,18,48,17,78,75,73,31,59
53,75,39,31,93,51,35,61,71,58,99,33,29
56,24,19,37,86,57,63,11,18
58,99,33,29,79,56,32,24,95,28,55,76,19,46,37,36,57,63,85
28,76,19,46,37,36,13,44,16,86,63,85,11,18,48,78,53,39,73
28,55,76,19,46,49,37,36,44,86,57,63,85,11,48,17,78,53,73
46,49,37,36,13,16,57,63,85,11,18,48,78,53,73,31,59,93,98
56,32,95,19,49,37,13,86,57,63,11,48,78
59,93,98,45,82,42,25,84,61,92,99,29,95
18,48,17,53,39,73,31,98,45,82,25,51,71
28,55,76,19,46,37,36,44,16,57,63,85,11,18,48,17,75,39,73
31,82,42,25,21,84,54,99,33,56,24
36,13,63,85,18,39,31,82,42
24,19,49,36,44,16,86,57,11,48,78,53,75
39,73,93,45,82,42,25,84,51,35,61,79,56
11,18,17,78,39,73,31,59,98,45,25,84,35,54,92
93,98,45,21,54,61,92,71,58,99,32,24,95
36,13,57,63,85,11,18,48,17,78,53,75,39,73,31,59,93,98,45,82,42
51,35,54,61,92,71,58,99,33,79,56,24,95,28,55,19,46,49,37,36,13
45,82,42,61,32,95,76
48,53,75,39,31,93,45,42,25,21,84,51,54,61,58
78,31,25,21,84,92,33
16,86,57,63,11,18,48,78,39,59,98,82,42,21,84
35,54,61,71,33,29,32,24,28,19,46,49,37,36,13
85,11,18,75,39,59,42,84,51,35,61
19,46,37,36,13,44,16,86,57,63,85,18,48,17,53,75,39,31,93
99,33,56,32,95,28,55,19,37,85,11
85,18,48,78,75,73,59,98,82,42,25,21,84,35,61
29,79,56,32,24,95,28,55,76,19,49,37,36,13,16,86,57,63,85,18,48
37,16,86,85,11,78,53,39,73,31,59,98,82
