1
5
36
43
58
63
66
69
72
73
74
75
80
85
88
100
102
111
120
125
134
152
163
167
169
173
174
176
178
182
186
189
192
193
194
196
205
206
212
220
221
223
226
227
228
230
233
234
235
236
237
238
240
242
244
247
248
249
250
251
257
265
267
268
269
274
276
278
280
281
282
283
285
286
292
295
296
297
298
299
301
303
309
311
316
318
329
336
337
340
342
343
349
350
352
355
356
357
358
360
364
370
384
394
397
399
405
411
414
418
427
429
430
443
446
451
461
462
463
464
470
471
474
486
500
502
507
510
516
519
524
526
527
539
541
542
543
548
549
551
554
558
561
563
567
569
573
577
581
583
586
587
588
591
598
606
614
619
624
628
631
633
634
635
636
637
638
640
651
653
661
664
671
675
679
686
696
701
705
709
711
713
717
719
722
733
735
741
743
749
750
751
752
754
764
766
771
783
787
789
795
796
797
799
808
813
815
817
821
822
826
828
829
830
833
836
848
851
859
862
867
877
885
894
898
900
902
904
908
911
918
925
930
932
939
950
975
980
983
985
995
997
999
1015
1017
1020
1029
1036
1042
1054
1056
1060
1062
1068
1069
1070
1072
1074
1076
1079
1081
1082
1084
1085
1086
1090
1094
1105
1109
1111
1112
1113
1117
1119
1129
1132
1133
1139
1141
1142
1143
1145
1146
1147
1149
1152
1153
1160
1162
1163
1164
1166
1172
1178
1179
1185
1186
1187
1188
1192
1200
1204
1205
1207
1214
1219
1228
1230
1233
1237
1239
1242
1249
1260
1262
1265
1266
1291
1296
1308
1310
1312
1314
1315
1316
1322
1332
1334
1335
1338
1349
1350
1356
1357
1361
1363
1364
1366
1375
1382
1384
1386
1389
1392
1397
1402
1409
1411
1413
1415
1417
1418
1419
1420
1422
1424
1426
1428
1429
1431
1433
1440
1442
1444
1445
1446
1448
1462
1464
1468
1469
1478
1479
1480
1481
1484
1487
1491
1492
1493
1499
1506
1508
1509
1510
1511
1512
1513
1515
1517
1519
1529
1535
1537
1542
1544
1547
1551
1555
1562
1566
1571
1573
1578
1580
1591
1593
1595
1598
1602
1604
1608
1610
1611
1612
1614
1637
1655
1657
1659
1661
1664
1665
1671
1672
1673
1680
1684
1687
1704
1706
1715
1716
1718
1723
1724
1726
1729
1731
1733
1735
1738
1740
1744
1746
1747
1748
1758
1760
1763
1768
1774
1777
1783
1784
1797
1807
1816
1817
1818
1829
1831
1836
1838
1839
1841
1842
1844
1846
1848
1852
1856
1858
1861
1880
1884
1888
1892
1895
1896
1905
1906
1908
1916
1921
1926
1931
1934
1935
1937
1939
1940
1941
1942
1943
1944
1951
1954
1961
1963
1964
1965
1967
1971
1973
1976
2003
2005
2008
2009
2010
2012
2013
2014
2023
2027
2032
2034
2039
2041
2043
2048
2052
2053
2057
2059
2061
2064
2069
2071
2088
2093
2096
2098
2100
2119
2126
2129
2131
2133
2135
2136
2138
2140
2156
2160
2166
2172
2181
2183
2186
2190
2195
2197
2206
2209
2211
2216
2218
2219
2221
2223
2226
2231
2233
2234
2236
2238
2241
2244
2245
2246
2247
2248
2252
2256
2262
2264
2267
2273
2280
2282
2283
2285
2289
2293
2298
2300
2302
2304
2309
2316
2317
2318
2319
2323
2326
2330
2333
2337
2342
2346
2349
2351
2353
2356
2361
2378
2392
2394
2399
2400
2402
2408
2410
2413
2416
2418
2420
2428
2438
2451
2454
2466
2470
2477
2480
2486
2491
2501
2505
2506
2507
2508
2509
2512
2514
2515
2525
2528
2530
2532
2539
2540
2542
2544
2553
2554
2561
2562
2570
2571
2574
2575
2576
2578
2580
2585
2586
2588
2589
2591
2598
2601
2604
2608
2610
2612
2613
2614
2620
2623
2634
2638
2641
2652
2657
2660
2662
2669
2674
2699
2706
2718
2722
2723
2731
2735
2744
2758
2763
2767
2769
2776
2782
2786
2788
2792
2802
2804
2807
2809
2812
2814
2816
2819
2823
2825
2828
2830
2832
2834
2835
2836
2844
2846
2848
2850
2854
2855
2865
2869
2871
2875
2878
2879
2880
2882
2886
2895
2896
2898
2900
2901
2907
2909
2911
2912
2913
2916
2919
2920
2923
2928
2935
2937
2938
2940
2944
2952
2954
2961
2968
2972
2980
2982
2990
2992
2997
3024
3026
3029
3030
3031
3038
3045
3046
3049
3065
3068
3070
3071
3073
3084
3086
3088
3089
3090
3092
3094
3098
3104
3111
3114
3116
3117
3118
3120
3125
3127
3130
3134
3137
3142
3145
3146
3147
3148
3149
3150
3152
3154
3156
3158
3166
3173
3182
3183
3185
3187
3197
3199
3200
3202
3205
3214
3216
3217
3219
3221
3222
3226
3238
3240
3246
3249
3260
3267
3277
3279
3296
3298
3300
3301
3302
3313
3316
3317
3318
3319
3325
3327
3330
3333
3345
3349
3350
3352
3354
3364
3366
3370
3372
3374
3375
3376
3378
3380
3382
3383
3391
3392
3395
3396
3398
3402
3409
3410
3420
3421
3423
3429
3430
3431
3433
3436
3438
3444
3448
3449
3450
3471
3473
3476
3478
3479
3480
3483
3498
3500
3501
3502
3506
3509
3511
3525
3528
3538
3540
3545
3546
3547
3552
3553
3554
3555
3556
3558
3560
3566
3576
3578
3592
3595
3600
3601
3603
3604
3606
3608
3609
3610
3613
3628
3629
3633
3634
3635
3646
3648
3649
3651
3653
3658
3670
3672
3683
3698
3703
3707
3708
3712
3714
3720
3725
3726
3727
3729
3732
3735
3738
3755
3757
3761
3764
3771
3777
3782
3784
3787
3796
3801
3802
3803
3804
3805
3809
3814
3817
3818
3825
3830
3834
3841
3843
3848
3858
3863
3872
3875
3880
3882
3884
3885
3886
3887
3889
3892
3893
3894
3901
3904
3906
3908
3911
3914
3915
3920
3922
3924
3930
3938
3939
3947
3951
3954
3960
3962
3965
3968
3976
3978
3983
3986
3991
3992
3995
3998
4000
4001
4003
4005
4006
4007
4013
4015
4016
4020
4037
4038
4046
4056
4058
4062
4068
4072
4074
4075
4079
4081
4084
4089
4091
4097
4116
4121
4123
4128
4129
4137
4138
4151
4155
4158
4160
4161
4162
4163
4166
4172
4174
4180
4189
4190
4191
4192
4195
4196
4203
4205
4212
4218
4219
4221
4226
4231
4233
4235
4237
4239
4242
4243
4245
4246
4247
4249
4250
4251
4252
4253
4254
4258
4259
4265
4274
4282
4283
4284
4285
4288
4306
4308
4309
4310
4312
4316
4318
4324
4325
4327
4342
4345
4349
4359
4363
4368
4369
4381
4397
4407
4408
4409
4410
4414
4420
4428
4430
4432
4433
4434
4435
4438
4439
4443
4459
4461
4462
4467
4469
4472
4474
4475
4478
4482
4489
4491
4493
4499
4500
4501
4508
4510
4513
4514
4515
4518
4526
4529
4530
4532
4535
4542
4543
4544
4546
4552
4557
4563
4564
4566
4588
4593
4597
4604
4612
4622
4625
4631
4633
4635
4646
4650
4660
4662
4663
4672
4680
4692
4695
4699
4711
4712
4714
4720
4723
4725
4726
4728
4730
4731
4733
4739
4741
4744
4747
4752
4754
4756
4762
4767
4768
4771
4775
4779
4780
4782
4797
4806
4807
4809
4810
4812
4814
4815
4818
4822
4824
4830
4835
4837
4847
4854
4860
4863
4868
4876
4877
4885
4887
4892
4913
4927
4930
4932
4933
4934
4939
4940
4941
4943
4944
4947
4960
4962
4964
4973
4977
4979
4980
4981
4984
4985
4987
4989
4990
5000
5003
5005
5014
5020
5022
5025
5027
5029
5036
5037
5038
5043
5045
5046
5047
5061
5064
5066
5076
5087
5088
5092
5096
5098
5100
5105
5107
5108
5109
5110
5113
5127
5135
5136
5138
5140
5145
5147
5149
5152
5154
5156
5160
5162
5173
5181
5190
5191
5192
5194
5198
5206
5208
5211
5213
5214
5219
5223
5231
5236
5240
5243
5263
5267
5269
5270
5272
5273
5278
5280
5283
5285
5287
5294
5306
5310
5313
5317
5322
5327
5328
5334
5336
5341
5346
5356
5357
5359
5360
5361
5365
5367
5371
5377
5385
5389
5393
5397
5398
5399
5418
5420
5423
5429
5430
5431
5432
5434
5437
5438
5439
5443
5450
5455
5457
5465
5472
5481
5483
5484
5486
5489
5490
5492
5493
5494
5509
5515
5517
5520
5541
5542
5543
5544
5545
5549
5554
5556
5565
5581
5586
5608
5614
5616
5618
5636
5639
5644
5646
5651
5652
5653
5655
5657
5662
5666
5667
5669
5670
5671
5674
5676
5687
5689
5693
5700
5701
5705
5707
5708
5710
5713
5715
5716
5717
5724
5726
5728
5731
5733
5735
5736
5737
5742
5746
5748
5750
5751
5756
5758
5767
5769
5770
5771
5774
5776
5779
5781
5782
5800
5816
5819
5821
5825
5838
5840
5843
5845
5850
5866
5871
5877
5879
5882
5884
5901
5902
5903
5904
5905
5914
5916
5924
5926
5928
5933
5934
5935
5936
5938
5944
5945
5950
5952
5953
5954
5963
5968
5970
5972
5976
5980
5985
5987
5990
5992
5994
5996
5997
5998
6000
6002
6004
6011
6013
6015
6022
6024
6029
6036
6048
6052
6054
6059
6061
6088
6096
6099
6100
6105
6110
6116
6120
6127
6129
6134
6140
6142
6146
6147
6149
6151
6157
6158
6164
6166
6167
6169
6171
6172
6173
6178
6179
6182
6185
6194
6197
6205
6208
6209
6217
6219
6223
6225
6230
6231
6232
6233
6245
6247
6250
6252
6253
6254
6260
6263
6265
6272
6278
6284
6285
6287
6291
6297
6301
6309
6329
6331
6334
6340
6344
6351
6352
6361
6375
6377
6385
6390
6397
6398
6403
6408
6412
6414
6421
6422
6434
6437
6439
6443
6444
6447
6459
6461
6464
6466
6478
6482
6488
6495
6498
6505
6506
6511
6513
6515
6522
6528
6533
6534
6543
6554
6556
6557
6558
6559
6567
6568
6570
6572
6577
6581
6593
6594
6595
6597
6599
6601
6604
6609
6610
6611
6612
6614
6615
6618
6623
6626
6628
6630
6631
6632
6634
6640
6641
6642
6643
6648
6649
6651
6658
6659
6664
6666
6670
6671
6676
6678
6683
6686
6687
6688
6690
6691
6692
6694
6702
6707
6710
6712
6714
6719
6720
6725
6726
6727
6728
6729
6730
6737
6741
6746
6747
6758
6768
6776
6777
6785
6786
6787
6794
6796
6797
6801
6813
6818
6820
6821
6837
6839
6840
6852
6854
6862
6863
6873
6874
6877
6881
6892
6894
6899
6912
6919
6920
6921
6923
6930
6932
6936
6940
6943
6944
6945
6946
6947
6948
6949
6951
6958
6963
6964
6967
6971
6977
6982
6983
6985
6986
6988
6994
6996
6998
7000
7017
7021
7023
7026
7032
7036
7037
7039
7041
7042
7044
7046
7047
7049
7052
7055
7063
7075
7091
7093
7095
7104
7107
7120
7129
7131
7138
7142
7144
7152
7154
7155
7161
7169
7174
7179
7189
7199
7201
7207
7208
7209
7210
7212
7220
7223
7227
7229
7238
7240
7244
7247
7250
7251
7252
7255
7256
7262
7266
7267
7268
7271
7276
7278
7286
7288
7296
7300
7303
7306
7309
7311
7316
7317
7319
7321
7322
7324
7329
7333
7334
7342
7344
7354
7355
7356
7358
7365
7367
7371
7373
7374
7375
7376
7378
7380
7384
7398
7399
7400
7402
7403
7404
7411
7413
7416
7422
7423
7424
7426
7431
7438
7446
7452
7464
7466
7468
7471
7477
7480
7486
7488
7489
7498
7503
7507
7509
7526
7527
7528
7529
7533
7534
7547
7549
7560
7566
7570
7573
7578
7582
7589
7599
7607
7613
7615
7624
7625
7632
7633
7641
7642
7644
7651
7653
7654
7658
7659
7660
7663
7676
7677
7678
7679
7680
7682
7683
7684
7685
7687
7691
7692
7694
7695
7696
7697
7698
7702
7704
7713
7722
7725
7731
7732
7735
7742
7743
7745
7748
7755
7758
7767
7769
7773
7775
7776
7777
7778
7781
7796
7803
7804
7805
7806
7810
7827
7844
7849
7850
7851
7855
7856
7857
7858
7865
7869
7878
7879
7880
7889
7892
7900
7909
7911
7913
7923
7925
7926
7928
7929
7937
7940
7946
7948
7955
7956
7959
7960
7963
7975
7978
7982
7986
7993
8007
8014
8015
8022
8025
8027
8029
8036
8038
8042
8043
8044
8049
8051
8055
8057
8058
8071
8073
8075
8077
8082
8086
8092
8093
8098
8102
8107
8108
8110
8111
8112
8113
8126
8128
8129
8130
8135
8140
8141
8143
8149
8150
8151
8158
8165
8170
8174
8176
8189
8192
8195
8200
8209
8211
8217
8220
8226
8228
8235
8240
8245
8258
8259
8260
8261
8262
8263
8272
8275
8278
8293
8296
8298
8308
8312
8318
8320
8322
8326
8332
8340
8346
8347
8348
8354
8355
8357
8360
8364
8368
8370
8375
8377
8379
8391
8392
8395
8396
8405
8407
8409
8415
8422
8425
8429
8439
8442
8443
8448
8452
8454
8456
8460
8464
8467
8469
8470
8472
8474
8475
8476
8478
8480
8482
8484
8485
8492
8497
8508
8512
8522
8524
8525
8526
8528
8534
8542
8547
8555
8565
8567
8572
8573
8574
8586
8596
8600
8607
8612
8620
8622
8626
8628
8629
8630
8637
8639
8641
8643
8646
8648
8650
8652
8656
8658
8660
8673
8678
8682
8684
8690
8699
8701
8702
8703
8705
8716
8717
8718
8719
8722
8723
8724
8726
8728
8730
8738
8742
8750
8754
8756
8760
8762
8772
8779
8781
8786
8788
8790
8794
8803
8807
8808
8809
8811
8816
8827
8828
8832
8834
8837
8839
8848
8851
8852
8853
8854
8868
8870
8874
8875
8876
8878
8892
8894
8896
8900
8904
8907
8908
8909
8914
8915
8916
8917
8921
8924
8928
8932
8937
8953
8961
8965
8974
8977
8982
8984
8985
8986
9000
9002
9004
9012
9021
9025
9027
9028
9029
9030
9032
9034
9038
9040
9042
9051
9066
9073
9077
9080
9084
9088
9089
9091
9095
9097
9098
9110
9117
9119
9121
9128
9132
9144
9146
9148
9150
9154
9157
9163
9176
9180
9185
9186
9187
9188
9189
9191
9193
9197
9201
9207
9211
9215
9217
9220
9233
9235
9241
9242
9244
9246
9252
9253
9254
9259
9263
9272
9274
9275
9279
9280
9281
9287
9288
9290
9294
9306
9308
9310
9311
9312
9313
9316
9327
9337
9341
9343
9344
9345
9346
9347
9351
9353
9357
9360
9363
9366
9372
9378
9384
9389
9396
9399
9405
9407
9417
9428
9436
9437
9438
9441
9442
9448
9459
9462
9465
9467
9468
9472
9473
9474
9475
9477
9481
9495
9500
9505
9508
9509
9510
9512
9516
9518
9524
9527
9529
9531
9532
9536
9539
9550
9555
9559
9562
9563
9565
9566
9567
9571
9573
9574
9585
9590
9593
9594
9596
9604
9621
9623
9628
9630
9632
9633
9637
9652
9665
9681
9682
9683
9684
9685
9688
9690
9695
9697
9699
9709
9711
9717
9718
9730
9739
9743
9745
9748
9752
9756
9758
9759
9765
9766
9768
9770
9775
9777
9780
9782
9784
9792
9794
9799
9805
9809
9810
9811
9812
9815
9817
9818
9830
9832
9835
9840
9847
9854
9860
9862
9863
9868
9870
9873
9876
9877
9879
9881
9885
9890
9892
9894
9896
9901
9903
9920
9922
9924
9926
9927
9930
9932
9934
9936
9937
9938
9940
9941
9942
9943
9947
9954
9962
9964
9965
9970
9972
9978
9982
9985
9989
9992
9998
10000
10005
10006
10019
10025
10032
10039
10047
10049
10054
10056
10070
10072
10074
10087
10089
10090
10092
10096
10099
10100
10114
10122
10151
10152
10154
10156
10157
10161
10162
10165
10167
10170
10177
10179
10182
10184
10189
10196
10198
10203
10207
10208
10216
10217
10218
10221
10223
10232
10234
10236
10244
10249
10256
10257
10258
10260
10262
10264
10265
10266
10267
10270
10271
10273
10275
10277
10278
10279
10281
10288
10289
10308
10310
10312
10315
10321
10325
10332
10336
10341
10361
10363
10365
10368
10369
10376
10384
10391
10392
10394
10400
10413
10424
10431
10433
10438
10440
10442
10450
10452
10455
10457
10460
10465
10468
10469
10470
10474
10484
10485
10487
10489
10490
10491
10493
10494
10496
10511
10513
10519
10520
10521
10526
10527
10528
10529
10534
10539
10540
10541
10543
10544
10549
10551
10558
10560
10562
10564
10567
10571
10573
10576
10578
10584
10595
10600
10605
10616
10619
10620
10621
10638
10641
10643
10644
10647
10663
10664
10686
10689
10693
10695
10700
10702
10704
10709
10711
10716
10722
10724
10729
10733
10737
10738
10740
10743
10744
10745
10747
10750
10751
10756
10764
10766
10768
10770
10773
10775
10778
10781
10788
10790
10791
10792
10793
10794
10798
10812
10817
10818
10819
10823
10831
10835
10844
10856
10865
10866
10868
10871
10875
10893
10896
10898
10899
10900
10902
10904
10907
10913
10916
10918
10936
10938
10943
10949
10950
10952
10954
10955
10963
10967
10968
10973
10975
10978
10979
10980
10981
10984
10988
10989
10991
10992
10993
10994
10996
10997
11000
11001
11013
11017
11019
11020
11022
11024
11025
11027
11029
11031
11033
11036
11044
11051
11061
11065
11066
11068
11070
11072
11073
11074
11082
11085
11086
11097
11099
11113
11115
11124
11144
11151
11153
11155
11162
11167
11173
11179
11180
11181
11182
11184
11189
11191
11197
11198
11201
11208
11210
11218
11222
11223
11227
11228
11235
11237
11239
11241
11245
11246
11250
11251
11269
11272
11275
11277
11278
11280
11286
11289
11299
11304
11310
11315
11317
11329
11331
11333
11335
11339
11341
11343
11344
11346
11350
11354
11360
11365
11366
11371
11372
11377
11378
11383
11388
11394
11396
11397
11398
11399
11401
11405
11406
11409
11412
11415
11420
11422
11423
11432
11437
11442
11446
11448
11459
11461
11465
11467
11473
11481
11486
11492
11494
11496
11503
11505
11509
11510
11515
11521
11525
11526
11534
11541
11552
11555
11572
11574
11575
11580
11589
11591
11592
11593
11594
11595
11596
11597
11601
11605
11610
11616
11617
11622
11628
11630
11639
11641
11643
11645
11647
11653
11657
11659
11661
11663
11668
11677
11681
11683
11684
11685
11686
11690
11695
11697
11700
11706
11708
11709
11710
11712
11717
11719
11746
11764
11765
11773
11775
11777
11778
11779
11781
11787
11790
11791
11795
11797
11803
11806
11808
11811
11812
11813
11814
11820
11828
11830
11833
11835
11840
11844
11846
11854
11861
11862
11863
11866
11869
11876
11878
11880
11881
11890
11892
11893
11895
11897
11899
11907
11910
11913
11915
11921
11927
11933
11935
11937
11946
11956
11962
11965
11984
11994
11996
11998
12016
12018
12023
12024
12026
12030
12035
12041
12042
12045
12047
12057
12058
12059
12060
12061
12062
12063
12067
12075
12078
12081
12083
12086
12088
12089
12092
12096
12107
12111
12113
12114
12115
12116
12118
12119
12126
12127
12128
12129
12131
12138
12142
12147
12150
12151
12152
12153
12154
12158
12160
12161
12168
12170
12172
12175
12178
12180
12185
12192
12194
12207
12209
12210
12213
12219
12236
12237
12238
12245
12247
12249
12251
12264
12273
12280
12282
12298
12300
12332
12342
12344
12350
12353
12355
12356
12357
12359
12362
12363
12364
12365
12366
12367
12369
12371
12372
12374
12380
12381
12382
12387
12391
12395
12396
12399
12400
12402
12404
12407
12408
12411
12413
12426
12427
12428
12429
12430
12432
12447
12449
12450
12452
12457
12458
12461
12464
12466
12472
12474
12475
12477
12482
12484
12488
12493
12499
12509
12525
12544
12553
12556
12558
12572
12574
12576
12578
12579
12580
12581
12582
12585
12592
12595
12601
12604
12608
12610
12612
12630
12639
12641
12643
12647
12649
12651
12653
12655
12657
12663
12665
12671
12673
12675
12678
12680
12682
12683
12685
12687
12689
12692
12702
12704
12705
12707
12708
12709
12712
12714
12716
12725
12727
12729
12730
12735
12738
12744
12750
12752
12754
12758
12760
12761
12765
12767
12768
12778
12783
12787
12793
12797
12799
12803
12808
12809
12811
12827
12832
12839
12840
12842
12845
12847
12852
12856
12858
12861
12863
12865
12869
12872
12878
12881
12884
12886
12887
12894
12903
12905
12912
12913
12915
12916
12918
12919
12920
12923
12927
12930
12931
12935
12939
12941
12943
12945
12946
12951
12957
12960
12961
12964
12965
12967
12969
12975
12982
12987
12992
12994
12996
13005
13012
13014
13018
13021
13024
13030
13031
13032
13034
13036
13037
13039
13041
13045
13048
13050
13065
13073
13077
13088
13091
13109
13113
13119
13126
13130
13131
13132
13134
13136
13140
13141
13142
13143
13145
13147
13148
13149
13150
13154
13156
13158
13164
13168
13179
13192
13193
13194
13196
13197
13201
13203
13207
13210
13211
13213
13219
13220
13221
13222
13224
13228
13231
13236
13239
13240
13241
13246
13249
13258
13259
13268
13285
13302
13304
13308
13312
13316
13317
13319
13321
13324
13325
13327
13329
13330
13347
13353
13356
13366
13386
13391
13392
13396
13402
13403
13405
13410
13411
13414
13416
13417
13420
13421
13431
13432
13433
13435
13438
13442
13446
13452
13454
13461
13467
13474
13477
13484
13489
13491
13496
13501
13509
13512
13513
13515
13517
13520
13521
13524
13526
13528
13529
13536
13538
13539
13545
13547
13561
13564
13569
13575
13578
13580
13590
13596
13598
13601
13607
13609
13610
13614
13621
13634
13639
13641
13644
13646
13647
13657
13663
13673
13682
13687
13692
13697
13699
13701
13704
13709
13714
13716
13722
13724
13730
13734
13736
13740
13741
13742
13745
13747
13756
13757
13758
13759
13761
13764
13765
13766
13769
13771
13776
13777
13779
13789
13790
13791
13793
13797
13800
13802
13805
13813
13816
13817
13820
13822
13824
13825
13827
13832
13841
13844
13846
13849
13852
13858
13862
13864
13866
13867
13878
13882
13885
13887
13892
13893
13894
13908
13913
13921
13922
13923
13924
13933
13935
13939
13940
13947
13950
13951
13962
13968
13969
13970
13976
13978
13979
13981
13984
13988
13998
14000
14002
14010
14011
14012
14013
14016
14018
14022
14030
14036
14041
14042
14044
14045
14048
14050
14053
14058
14083
14095
14096
14097
14098
14099
14102
14106
14112
14115
14116
14121
14128
14130
14131
14133
14135
14137
14142
14144
14146
14163
14164
14166
14173
14176
14178
14193
14196
14198
14200
14201
14203
14205
14206
14212
14213
14219
14223
14225
14226
14229
14230
14231
14232
14233
14250
14252
14263
14264
14273
14275
14277
14282
14284
14286
14288
14297
14301
14306
14311
14313
14321
14322
14325
14327
14330
14332
14343
14349
14350
14353
14357
14359
14361
14363
14374
14380
14381
14382
14383
14384
14387
14388
14392
14395
14397
14407
14410
14411
14413
14417
14430
14432
14433
14435
14437
14441
14446
14449
14455
14457
14480
14481
14486
14493
14497
14499
14506
14509
14510
14513
14532
14533
14535
14553
14559
14561
14567
14570
14575
14583
14584
14586
14597
14598
14599
14600
14601
14603
14605
14606
14607
14609
14616
14617
14624
14626
14628
14635
14639
14644
14658
14659
14661
14667
14678
14679
14680
14681
14684
14691
14696
14701
14703
14707
14710
14712
14715
14718
14723
14726
14730
14733
14735
14743
14751
14752
14753
14754
14761
14762
14763
14764
14771
14772
14779
14781
14784
14786
14787
14789
14791
14793
14795
14796
14801
14803
14805
14806
14807
14809
14812
14814
14816
14827
14831
14833
14834
14836
14838
14847
14850
14860
14873
14875
14876
14877
14886
14896
14899
14909
14916
14917
14919
14921
14931
14933
14941
14956
14960
14961
14963
14964
14965
14968
14971
14976
14978
14980
14982
14984
14994
15006
15019
15021
15030
15031
15032
15033
15034
15045
15048
15050
15052
15053
15054
15056
15063
15071
15074
15077
15084
15086
15087
15088
15089
15091
15094
15099
15114
15122
15129
15134
15138
15139
15141
15143
15144
15146
15148
15150
15151
15154
15157
15159
15161
15163
15168
15179
15180
15182
15184
15188
15190
15196
15198
15200
15201
15206
15207
15211
15212
15214
15217
15221
15231
15237
15239
15241
15247
15248
15249
15250
15253
15254
15256
15257
15259
15261
15265
15274
15294
15296
15305
15310
15312
15316
15326
15334
15336
15349
15357
15361
15367
15374
15379
15383
15384
15385
15401
15403
15405
15407
15410
15413
15418
15424
15425
15427
15428
15429
15432
15439
15440
15450
15452
15458
15461
15462
15463
15464
15470
15474
15476
15483
15485
15493
15495
15504
15510
15512
15514
15516
15517
15519
15529
15530
15532
15535
15538
15539
15543
15547
15555
15559
15560
15561
15563
15575
15576
15582
15584
15585
15592
15595
15596
15600
15610
15616
15618
15620
15625
15627
15630
15636
15637
15641
15646
15647
15650
15664
15665
15666
15667
15672
15685
15692
15693
15703
15709
15713
15716
15720
15722
15725
15727
15730
15744
15746
15750
15753
15760
15763
15765
15770
15772
15774
15777
15779
15781
15783
15793
15795
15799
15800
15801
15802
15803
15808
15813
15818
15823
15828
15830
15836
15845
15856
15870
15874
15877
15880
15882
15890
15893
15897
15898
15912
15921
15928
15929
15930
15931
15935
15937
15946
15950
15951
15954
15958
15961
15962
15963
15972
15974
15976
15980
15985
15988
15989
15994
15996
16006
16007
16010
16025
16026
16027
16037
16040
16043
16044
16046
16052
16054
16057
16059
16061
16063
16065
16066
16077
16079
16088
16089
16091
16094
16098
16106
16114
16116
16118
16122
16125
16132
16139
16140
16142
16143
16155
16159
16160
16163
16169
16171
16174
16176
16177
16188
16189
16190
16192
16194
16197
16201
16212
16214
16215
16217
16225
16238
16244
16246
16252
16254
16256
16260
16270
16272
16287
16291
16293
16295
16297
16305
16306
16309
16311
16319
16320
16321
16332
16334
16337
16339
16347
16350
16357
16360
16365
16367
16369
16371
16372
16373
16378
16380
16382
16384
16389
16394
16399
16401
16402
16403
16405
16406
16407
16408
16414
16418
16421
16424
16427
16431
16433
16439
16441
16451
16454
16455
16463
16464
16465
16472
16474
16479
16482
16484
16487
16490
16493
16494
16497
16502
16515
16518
16522
16527
16529
16532
16534
16536
16538
16540
16543
16567
16569
16571
16576
16586
16588
16589
16597
16598
16600
16607
16612
16614
16616
16624
16628
16630
16636
16639
16642
16646
16647
16648
16653
16655
16676
16680
16685
16687
16689
16693
16694
16695
16697
16701
16702
16703
16711
16714
16721
16723
16730
16732
16735
16736
16742
16750
16753
16756
16758
16759
16760
16761
16772
16773
16774
16776
16779
16790
16791
16793
16796
16797
16798
16804
16805
16806
16807
16808
16809
16810
16813
16814
16822
16825
16827
16829
16839
16846
16847
16851
16854
16860
16863
16865
16867
16870
16872
16882
16884
16885
16886
16887
16893
16904
16912
16919
16921
16922
16923
16926
16933
16937
16942
16955
16958
16971
16974
16975
16977
16981
16982
16989
16996
17000
17007
17012
17016
17019
17020
17029
17030
17036
17037
17040
17041
17044
17048
17053
17055
17059
17068
17073
17090
17091
17103
17106
17122
17125
17128
17130
17138
17142
17143
17144
17145
17150
17163
17165
17166
17167
17172
17174
17184
17188
17192
17199
17202
17203
17206
17208
17210
17215
17216
17221
17223
17224
17225
17227
17228
17233
17234
17235
17237
17238
17239
17240
17241
17243
17248
17249
17251
17252
17254
17259
17274
17276
17280
17287
17292
17295
17297
17301
17309
17314
17316
17320
17321
17322
17324
17328
17331
17334
17335
17339
17347
17350
17353
17358
17359
17370
17383
17394
17397
17399
17402
17405
17408
17409
17411
17412
17414
17416
17418
17427
17429
17430
17432
17435
17437
17439
17451
17458
17466
17477
17481
17485
17487
17498
17501
17503
17508
17521
17523
17526
17527
17528
17529
17530
17539
17541
17567
17569
17572
17577
17581
17582
17584
17587
17589
17593
17596
17601
17609
17610
17611
17613
17617
17619
17625
17627
17629
17633
17635
17641
17643
17645
17652
17653
17655
17669
17674
17677
17681
17683
17686
17695
17700
17702
17703
17707
17714
17731
17733
17739
17743
17755
17757
17761
17762
17773
17777
17779
17781
17787
17788
17789
17790
17795
17805
17811
17812
17814
17819
17821
17830
17835
17838
17847
17850
17858
17863
17868
17875
17876
17881
17883
17885
17886
17890
17904
17906
17908
17909
17910
17912
17916
17919
17921
17924
17932
17934
17938
17939
17940
17941
17943
17949
17957
17961
17963
17965
17972
17978
17981
17983
17984
17993
17994
17995
17996
18002
18005
18011
18013
18014
18018
18023
18028
18032
18035
18036
18038
18040
18052
18057
18066
18070
18076
18083
18085
18092
18094
18095
18103
18105
18108
18110
18114
18116
18118
18121
18128
18133
18138
18139
18140
18142
18145
18149
18166
18172
18178
18180
18183
18187
18192
18195
18198
18200
18201
18202
18203
18214
18216
18219
18220
18223
18228
18230
18237
18246
18248
18250
18254
18261
18267
18268
18271
18282
18291
18294
18306
18308
18312
18313
18315
18316
18318
18323
18327
18337
18339
18347
18351
18352
18363
18365
18368
18372
18380
18381
18382
18383
18386
18388
18391
18392
18396
18399
18403
18406
18411
18413
18414
18415
18420
18425
18427
18431
18438
18442
18461
18463
18470
18471
18477
18482
18490
18494
18496
18497
18498
18508
18510
18545
18551
18556
18557
18562
18565
18567
18575
18581
18584
18586
18587
18588
18594
18601
18603
18606
18612
18613
18615
18622
18624
18628
18630
18634
18640
18642
18644
18655
18657
18659
18661
18665
18670
18672
18677
18679
18680
18681
18687
18695
18698
18699
18700
18702
18712
18717
18719
18721
18724
18730
18731
18737
18738
18757
18762
18766
18778
18780
18782
18784
18786
18798
18805
18806
18814
18823
18824
18825
18829
18832
18835
18844
18849
18852
18854
18857
18868
18873
18875
18880
18881
18882
18885
18888
18915
18922
18926
18929
18930
18931
18933
18936
18941
18942
18947
18949
18950
18951
18958
18968
18972
18979
18989
18992
18997
19000
19002
19003
19005
19008
19013
19015
19017
19018
19025
19028
19030
19031
19033
19035
19036
19037
19038
19039
19041
19042
19043
19045
19049
19050
19053
19055
19058
19064
19066
19073
19075
19077
19078
19079
19094
19095
19098
19103
19104
19106
19109
19113
19115
19119
19121
19122
19124
19125
19127
19129
19135
19138
19140
19145
19153
19155
19165
19173
19187
19193
19195
19221
19223
19226
19229
19255
19257
19259
19263
19267
19269
19271
19282
19287
19289
19293
19295
19307
19308
19310
19315
19321
19323
19329
19333
19335
19338
19339
19340
19341
19342
19345
19348
19349
19350
19351
19352
19354
19355
19356
19357
19358
19364
19371
19373
19374
19376
19377
19378
19380
19382
19383
19384
19385
19386
19387
19388
19390
19391
19392
19399
19403
19406
19414
19415
19416
19419
19420
19422
19425
19431
19433
19437
19438
19440
19441
19442
19443
19444
19445
19450
19451
19452
19453
19457
19458
19463
19466
19467
19469
19473
19484
19502
19509
19512
19534
19536
19540
19547
19552
19569
19590
19593
19603
19606
19607
19609
19613
19624
19642
19649
19652
19674
19676
19680
19687
19692
19709
19730
19733
19741
19743
19749
19753
19755
19758
19759
19760
19761
19762
19765
19768
19769
19770
19771
19772
19774
19775
19776
19777
19778
19784
19791
19793
19794
19796
19797
19798
19800
19802
19803
19804
19805
19806
19807
19808
19810
19811
19812
19819
19823
19826
19834
19835
19836
19839
19840
19842
19845
19851
19853
19857
19858
19860
19861
19862
19863
19864
19865
19870
19871
19872
19873
19877
19878
19887
19893
19895
19921
19923
19926
19929
19955
19957
19959
19963
19967
19969
19971
19982
19987
19989
19993
19995
20007
20008
20010
20015
20021
20022
20023
20025
20029
20030
20033
20035
20038
20044
20046
20053
20055
20057
20058
20059
20074
20075
20078
20083
20084
20086
20089
20093
20095
20099
20101
20102
20104
20105
20107
20109
20115
20118
20120
20125
20133
20135
20145
20153
20175
20182
20186
20189
20190
20191
20193
20196
20201
20202
20207
20209
20210
20211
20218
20228
20232
20239
20249
20252
20257
20260
20262
20263
20265
20268
20273
20275
20277
20278
20285
20288
20290
20291
20293
20295
20296
20297
20298
20299
20302
20306
20318
20320
20322
20324
20326
20338
20345
20346
20354
20363
20364
20365
20369
20372
20375
20384
20389
20392
20394
20397
20408
20413
20415
20420
20421
20422
20425
20428
20442
20444
20448
20450
20454
20460
20462
20464
20475
20477
20479
20481
20485
20490
20492
20497
20499
20500
20501
20507
20515
20518
20519
20520
20522
20532
20537
20539
20541
20544
20550
20551
20557
20558
20577
20582
20590
20594
20596
20597
20598
20608
20610
20645
20651
20656
20657
20662
20665
20667
20675
20681
20684
20686
20687
20688
20694
20701
20703
20706
20712
20713
20715
20727
20731
20732
20743
20745
20748
20752
20760
20761
20762
20763
20766
20768
20771
20772
20776
20779
20783
20786
20791
20793
20794
20795
20800
20805
20807
20811
20818
20822
20841
20843
20850
20851
20857
20860
20861
20862
20863
20874
20876
20879
20880
20883
20888
20890
20897
20906
20908
20910
20914
20921
20927
20928
20931
20942
20951
20954
20966
20968
20972
20973
20975
20976
20978
20983
20987
20997
20999
21006
21010
21016
21023
21025
21032
21034
21035
21043
21045
21048
21050
21054
21056
21058
21061
21068
21073
21078
21079
21080
21082
21085
21089
21106
21112
21118
21120
21123
21127
21132
21135
21138
21141
21144
21152
21154
21158
21159
21160
21161
21163
21169
21177
21181
21183
21185
21192
21198
21201
21203
21204
21213
21214
21215
21216
21222
21225
21231
21233
21234
21238
21243
21248
21252
21255
21256
21258
21260
21272
21277
21281
21287
21288
21289
21290
21295
21305
21311
21312
21314
21319
21321
21330
21335
21338
21347
21350
21358
21363
21368
21375
21376
21381
21383
21385
21386
21390
21404
21406
21408
21409
21410
21412
21416
21419
21421
21423
21425
21432
21433
21435
21449
21454
21457
21461
21463
21466
21475
21480
21482
21483
21487
21494
21511
21513
21519
21523
21535
21537
21541
21542
21553
21557
21559
21561
21563
21568
21581
21583
21586
21587
21588
21589
21590
21599
21601
21627
21629
21632
21637
21641
21642
21644
21647
21649
21653
21656
21661
21669
21670
21671
21673
21677
21679
21685
21687
21689
21693
21695
21710
21723
21734
21737
21739
21742
21745
21748
21749
21751
21752
21754
21756
21758
21767
21769
21770
21772
21775
21777
21779
21791
21798
21806
21817
21821
21825
21827
21838
21841
21843
21844
21845
21847
21848
21853
21854
21855
21857
21858
21859
21860
21861
21863
21868
21869
21871
21872
21874
21879
21894
21896
21900
21907
21912
21915
21917
21921
21929
21934
21936
21940
21941
21942
21944
21948
21951
21954
21955
21959
21967
21970
21973
21978
21979
21990
21991
22003
22006
22022
22025
22028
22030
22038
22042
22043
22044
22045
22050
22063
22065
22066
22067
22072
22074
22084
22088
22092
22099
22102
22103
22106
22108
22110
22115
22116
22122
22135
22138
22151
22154
22155
22157
22161
22162
22169
22176
22180
22187
22192
22196
22199
22200
22209
22210
22216
22217
22220
22221
22224
22228
22233
22235
22239
22248
22253
22264
22265
22266
22267
22268
22269
22270
22273
22274
22282
22285
22287
22289
22299
22306
22307
22311
22314
22320
22323
22325
22327
22330
22332
22342
22344
22345
22346
22347
22353
22364
22372
22379
22381
22382
22383
22386
22393
22397
22416
22420
22425
22427
22429
22433
22434
22435
22437
22441
22442
22443
22451
22454
22461
22463
22470
22472
22475
22476
22482
22490
22493
22496
22498
22499
22500
22501
22512
22513
22514
22516
22519
22530
22531
22533
22536
22537
22538
22542
22547
22549
22552
22554
22556
22558
22560
22563
22587
22589
22591
22596
22606
22608
22609
22617
22618
22620
22627
22632
22634
22636
22644
22648
22650
22656
22659
22662
22666
22667
22668
22673
22675
22680
22682
22684
22689
22694
22699
22701
22702
22703
22705
22706
22707
22708
22714
22718
22721
22724
22727
22731
22733
22739
22741
22751
22754
22755
22763
22764
22765
22772
22774
22779
22782
22784
22787
22790
22793
22794
22797
22802
22815
22818
22824
22826
22832
22834
22836
22840
22850
22852
22867
22871
22873
22875
22877
22885
22886
22889
22891
22899
22900
22901
22912
22914
22917
22919
22927
22930
22937
22940
22945
22947
22949
22951
22952
22953
22958
22966
22974
22976
22978
22982
22985
22992
22999
23000
23002
23003
23015
23019
23020
23023
23029
23031
23034
23036
23037
23048
23049
23050
23052
23054
23057
23061
23072
23074
23075
23077
23085
23098
23101
23102
23103
23112
23114
23116
23120
23125
23128
23129
23134
23136
23146
23147
23150
23165
23166
23167
23177
23180
23183
23184
23186
23192
23194
23197
23199
23201
23203
23205
23206
23217
23219
23228
23229
23231
23234
23238
23243
23248
23250
23256
23265
23276
23290
23294
23297
23300
23302
23310
23313
23317
23318
23332
23341
23348
23349
23350
23351
23355
23357
23366
23370
23371
23374
23378
23385
23392
23393
23403
23409
23413
23416
23420
23422
23425
23427
23430
23444
23446
23450
23453
23460
23463
23465
23470
23472
23474
23477
23479
23481
23483
23493
23495
23499
23500
23501
23502
23503
23508
23513
23518
23523
23527
23535
23539
23540
23541
23543
23555
23556
23562
23564
23565
23572
23575
23576
23580
23590
23596
23598
23600
23605
23607
23610
23616
23617
23621
23626
23627
23630
23644
23645
23646
23647
23652
23661
23663
23665
23667
23670
23673
23678
23684
23685
23687
23688
23689
23692
23699
23700
23710
23712
23718
23721
23722
23723
23724
23730
23734
23736
23743
23745
23753
23755
23764
23770
23772
23774
23776
23777
23779
23789
23790
23792
23795
23798
23799
23801
23805
23814
23834
23836
23845
23850
23852
23856
23866
23874
23876
23889
23897
23901
23907
23914
23919
23923
23924
23925
23942
23949
23954
23958
23959
23961
23963
23964
23966
23968
23970
23971
23974
23977
23979
23981
23983
23988
23999
24000
24002
24004
24008
24010
24016
24018
24020
24021
24026
24027
24031
24032
24034
24037
24041
24051
24057
24059
24061
24067
24068
24069
24070
24073
24074
24076
24077
24079
24080
24082
24084
24094
24106
24119
24121
24130
24131
24132
24133
24134
24145
24148
24150
24152
24153
24154
24156
24163
24171
24174
24177
24184
24186
24187
24188
24189
24191
24194
24199
24214
24227
24230
24240
24253
24255
24256
24257
24266
24276
24279
24289
24296
24297
24299
24301
24311
24313
24321
24336
24340
24341
24343
24344
24345
24348
24351
24356
24358
24361
24363
24367
24370
24372
24375
24378
24383
24386
24390
24393
24395
24403
24411
24412
24413
24414
24421
24422
24423
24424
24431
24432
24439
24441
24444
24446
24447
24449
24451
24453
24455
24456
24461
24463
24465
24466
24467
24469
24472
24474
24476
24487
24491
24493
24494
24496
24498
24501
24507
24510
24515
24523
24524
24526
24537
24538
24539
24540
24541
24543
24545
24546
24547
24549
24556
24557
24564
24566
24568
24575
24579
24584
24598
24599
24601
24607
24618
24619
24620
24621
24624
24631
24636
24650
24652
24653
24655
24657
24661
24666
24669
24675
24677
24700
24701
24706
24713
24717
24719
24726
24729
24730
24733
24752
24753
24755
24773
24779
24782
24784
24786
24788
24797
24801
24806
24811
24813
24821
24822
24825
24827
24830
24832
24843
24849
24850
24853
24857
24859
24861
24863
24874
24880
24881
24882
24883
24884
24887
24888
24892
24895
24897
24907
24910
24911
24913
24917
24922
24924
24926
24943
24944
24946
24953
24956
24958
24973
24976
24978
24980
24981
24983
24985
24986
24992
24993
24999
25003
25005
25006
25009
25010
25011
25012
25013
25030
25032
25043
25044
25053
25055
25057
25060
25062
25070
25071
25072
25073
25076
25078
25082
25090
25096
25101
25102
25104
25105
25108
25110
25113
25118
25143
25155
25156
25157
25158
25159
25162
25166
25172
25175
25176
25181
25188
25190
25191
25193
25195
25197
25202
25204
25206
25207
25218
25222
25225
25227
25232
25233
25234
25248
25253
25261
25262
25263
25264
25273
25275
25279
25280
25287
25290
25291
25302
25308
25309
25310
25316
25318
25319
25321
25324
25328
25338
25342
25344
25350
25354
25356
25360
25361
25362
25365
25367
25376
25377
25378
25379
25381
25384
25385
25386
25389
25391
25396
25397
25399
25409
25410
25411
25413
25417
25420
25422
25425
25433
25436
25437
25440
25442
25444
25445
25447
25452
25461
25464
25466
25469
25472
25478
25480
25490
25496
25498
25501
25507
25509
25510
25514
25521
25534
25539
25541
25544
25546
25547
25557
25563
25573
25582
25587
25592
25597
25599
25601
25604
25609
25614
25616
25622
25626
25632
25634
25641
25647
25654
25657
25664
25669
25671
25676
25681
25689
25692
25693
25695
25697
25700
25701
25704
25706
25708
25709
25716
25718
25719
25725
25727
25741
25744
25749
25755
25758
25762
25764
25768
25772
25776
25777
25779
25781
25784
25785
25787
25789
25790
25807
25813
25816
25826
25846
25851
25852
25856
25862
25863
25865
25870
25871
25874
25876
25877
25880
25881
25891
25892
25893
25895
25898
25904
25908
25919
25932
25933
25934
25936
25937
25941
25943
25947
25950
25951
25953
25959
25960
25961
25962
25964
25968
25971
25976
25979
25980
25981
25986
25989
25998
25999
26008
26025
26041
26044
26050
26051
26052
26054
26056
26057
26059
26061
26065
26068
26070
26085
26093
26097
26108
26111
26129
26133
26139
26146
26150
26151
26152
26154
26156
26160
26161
26162
26163
26165
26167
26168
26169
26170
26174
26176
26178
26181
26184
26186
26187
26194
26203
26205
26212
26213
26215
26216
26218
26219
26220
26223
26227
26230
26231
26235
26239
26241
26243
26245
26246
26251
26257
26260
26261
26264
26265
26267
26269
26275
26282
26287
26292
26294
26296
26305
26312
26314
26318
26324
26330
26332
26334
26338
26340
26341
26345
26347
26348
26358
26363
26367
26373
26377
26379
26383
26388
26389
26391
26407
26412
26419
26420
26422
26425
26427
26432
26436
26438
26441
26443
26445
26449
26452
26458
26461
26464
26468
26470
26472
26490
26499
26501
26503
26507
26509
26511
26513
26515
26517
26523
26525
26531
26533
26535
26538
26540
26542
26543
26545
26547
26549
26552
26562
26564
26565
26567
26568
26569
26572
26574
26576
26585
26587
26589
26590
26595
26598
26601
26604
26606
26612
26614
26615
26617
26622
26624
26628
26633
26639
26649
26665
26684
26693
26696
26698
26712
26714
26716
26718
26719
26720
26721
26722
26725
26732
26735
26752
26762
26764
26770
26773
26775
26776
26777
26779
26782
26783
26784
26785
26786
26787
26789
26791
26792
26794
26800
26801
26802
26807
26811
26815
26816
26819
26820
26822
26824
26827
26828
26831
26833
26846
26847
26848
26849
26850
26852
26867
26869
26870
26872
26877
26878
26880
26885
26892
26894
26907
26909
26910
26913
26919
26936
26937
26938
26945
26947
26949
26951
26964
26973
26980
26982
26998
27000
27021
27022
27025
27027
27037
27038
27039
27040
27041
27042
27043
27047
27055
27058
27061
27063
27066
27068
27069
27072
27076
27087
27091
27093
27094
27095
27096
27098
27099
27106
27107
27108
27109
27111
27118
27122
27127
27130
27131
27132
27133
27134
27138
27140
27141
27148
27150
27152
27155
27158
27167
27170
27173
27175
27181
27187
27193
27195
27197
27206
27216
27222
27225
27244
27254
27256
27258
27276
27278
27283
27284
27286
27290
27295
27304
27305
27313
27315
27317
27318
27319
27321
27327
27330
27331
27335
27337
27343
27346
27348
27351
27352
27353
27354
27360
27368
27370
27373
27375
27380
27384
27386
27394
27401
27402
27403
27406
27409
27416
27418
27420
27421
27430
27432
27433
27435
27437
27439
27442
27448
27450
27459
27461
27463
27465
27467
27473
27477
27479
27481
27483
27488
27497
27501
27503
27504
27505
27506
27510
27515
27517
27520
27526
27528
27529
27530
27532
27537
27539
27566
27581
27586
27592
27594
27596
27603
27605
27609
27610
27615
27621
27625
27626
27634
27641
27652
27655
27672
27674
27675
27680
27689
27691
27692
27693
27694
27695
27696
27697
27701
27705
27710
27716
27717
27721
27723
27724
27726
27730
27734
27740
27745
27746
27751
27752
27757
27758
27763
27768
27774
27776
27777
27778
27779
27781
27785
27786
27789
27792
27795
27800
27802
27803
27812
27817
27822
27826
27828
27839
27841
27845
27847
27853
27861
27868
27870
27878
27882
27883
27887
27888
27895
27897
27899
27901
27905
27906
27910
27911
27929
27932
27935
27937
27938
27940
27946
27949
27959
27964
27970
27975
27977
27989
27991
27993
27995
27999
28001
28005
28006
28008
28010
28012
28013
28014
28022
28025
28026
28037
28039
28053
28055
28064
28084
28091
28093
28095
28102
28107
28113
28119
28120
28121
28122
28124
28129
28131
28137
28138
28156
28158
28163
28169
28170
28172
28174
28175
28183
28187
28188
28193
28195
28198
28199
28200
28201
28204
28208
28209
28211
28212
28213
28214
28216
28217
28220
28221
28233
28237
28239
28240
28242
28244
28245
28247
28249
28251
28253
28256
28264
28271
28281
28288
28290
28291
28292
28293
28294
28298
28312
28317
28318
28319
28323
28331
28335
28344
28356
28365
28366
28368
28371
28375
28393
28396
28398
28399
28400
28402
28404
28407
28413
28416
28418
28421
28423
28424
28427
28443
28444
28466
28469
28473
28475
28480
28482
28484
28489
28491
28496
28502
28504
28509
28513
28517
28518
28520
28523
28524
28525
28527
28530
28531
28536
28544
28546
28548
28550
28553
28555
28558
28571
28573
28579
28580
28581
28586
28587
28588
28589
28594
28599
28600
28601
28603
28604
28609
28611
28618
28620
28622
28624
28627
28631
28633
28636
28638
28644
28655
28660
28665
28676
28679
28680
28681
28698
28701
28703
28705
28708
28709
28716
28724
28731
28732
28734
28740
28753
28764
28771
28773
28778
28780
28782
28790
28792
28795
28797
28800
28805
28808
28809
28810
28814
28824
28825
28827
28829
28830
28831
28833
28834
28836
28841
28843
28852
28854
28856
28864
28869
28876
28877
28878
28880
28882
28884
28885
28886
28887
28890
28891
28893
28895
28897
28898
28899
28901
28908
28909
28928
28930
28932
28935
28941
28945
28952
28956
28961
28987
28989
28990
28992
28996
28999
29000
29014
29022
29051
29052
29054
29056
29057
29061
29062
29065
29067
29070
29077
29079
29082
29084
29089
29096
29098
29103
29107
29108
29116
29117
29118
29120
29121
29122
29123
29127
29134
29142
29144
29145
29150
29152
29158
29162
29165
29169
29172
29178
29180
29185
29186
29199
29205
29212
29219
29227
29229
29234
29236
29250
29252
29254
29265
29269
29270
29271
29272
29275
29277
29278
29290
29292
29295
29300
29307
29314
29320
29322
29323
29328
29330
29333
29336
29337
29339
29341
29345
29350
29352
29354
29356
29361
29363
29380
29382
29384
29386
29387
29390
29392
29394
29396
29397
29398
29405
29421
29422
29423
29424
29425
29428
29430
29435
29437
29439
29449
29451
29457
29458
29470
29479
29483
29485
29488
29492
29496
29498
29499
29505
29506
29508
29510
29515
29517
29520
29522
29524
29532
29534
29539
29544
29547
29549
29551
29552
29556
29559
29570
29575
29579
29582
29583
29585
29586
29587
29591
29593
29594
29605
29610
29613
29614
29616
29624
29641
29643
29648
29650
29652
29653
29657
29672
29684
29689
29696
29699
29705
29707
29717
29728
29736
29737
29738
29741
29742
29748
29759
29762
29765
29767
29768
29772
29773
29774
29775
29777
29781
29795
29800
29805
29808
29809
29810
29812
29816
29818
29821
29822
29824
29826
29832
29833
29834
29839
29843
29852
29854
29855
29859
29860
29861
29867
29868
29870
29874
29886
29888
29890
29891
29892
29893
29896
29907
29917
29921
29923
29924
29925
29926
29927
29931
29933
29937
29940
29943
29946
29952
29958
29970
29977
29979
29981
29988
29992
30004
30006
30008
30010
30014
30017
30023
30036
30040
30045
30046
30047
30048
30049
30051
30053
30057
30061
30067
30071
30075
30077
30080
30093
30095
30101
30105
30114
30117
30122
30124
30125
30126
30140
30142
30144
30152
30161
30165
30167
30168
30169
30170
30172
30174
30178
30180
30182
30191
30206
30213
30217
30220
30224
30228
30229
30231
30235
30237
30238
30247
30248
30252
30254
30257
30259
30268
30271
30272
30273
30274
30288
30290
30294
30295
30296
30298
30312
30314
30316
30320
30324
30327
30328
30329
30334
30335
30336
30337
30341
30344
30348
30352
30357
30373
30382
30384
30390
30399
30401
30402
30403
30405
30416
30417
30418
30419
30422
30423
30424
30426
30428
30430
30438
30442
30450
30454
30456
30460
30462
30472
30479
30481
30486
30488
30490
30494
30503
30507
30508
30509
30511
30516
30522
30527
30535
30545
30547
30552
30553
30554
30566
30576
30580
30587
30592
30600
30602
30606
30608
30609
30610
30617
30619
30621
30623
30626
30628
30630
30632
30636
30638
30640
30653
30658
30665
30667
30669
30675
30682
30685
30689
30699
30702
30703
30708
30712
30714
30716
30720
30724
30727
30729
30730
30732
30734
30735
30736
30738
30740
30742
30744
30745
30752
30757
30768
30772
30782
30784
30785
30786
30788
30794
30800
30801
30802
30803
30812
30815
30818
30833
30836
30838
30848
30852
30858
30860
30862
30866
30872
30880
30886
30887
30888
30894
30895
30897
30900
30904
30908
30910
30915
30917
30919
30931
30932
30935
30936
30946
30948
30949
30950
30955
30960
30961
30963
30969
30970
30971
30978
30985
30990
30994
30996
31009
31012
31015
31020
31029
31031
31037
31040
31046
31048
31055
31060
31065
31078
31079
31082
31086
31093
31107
31114
31115
31122
31125
31127
31129
31136
31138
31142
31143
31144
31149
31151
31155
31157
31158
31171
31173
31175
31177
31182
31186
31192
31193
31198
31202
31207
31208
31210
31211
31212
31213
31224
31229
31230
31231
31235
31236
31237
31238
31245
31249
31258
31259
31260
31269
31272
31280
31289
31291
31293
31303
31305
31306
31308
31309
31317
31320
31326
31328
31335
31336
31339
31340
31343
31355
31358
31362
31364
31373
31382
31385
31391
31392
31395
31402
31403
31405
31408
31415
31418
31427
31429
31433
31435
31436
31437
31438
31441
31456
31463
31464
31465
31466
31470
31487
31500
31506
31510
31513
31518
31522
31529
31539
31547
31553
31555
31564
31565
31572
31573
31581
31582
31584
31591
31593
31594
31598
31599
31600
31603
31616
31617
31618
31619
31620
31622
31623
31624
31625
31627
31631
31632
31634
31635
31636
31637
31638
31642
31643
31644
31646
31651
31658
31666
31672
31684
31686
31688
31691
31697
31700
31706
31708
31709
31718
31723
31727
31729
31746
31747
31748
31749
31753
31754
31767
31769
31786
31788
31796
31800
31803
31806
31809
31811
31816
31817
31819
31821
31822
31824
31829
31833
31834
31842
31844
31854
31855
31856
31858
31865
31867
31871
31873
31874
31875
31876
31878
31880
31884
31898
31899
31900
31902
31903
31904
31911
31913
31916
31922
31924
31932
31934
31935
31941
31949
31954
31959
31969
31979
31981
31987
31988
31989
31990
31992
32000
32003
32007
32009
32018
32020
32024
32027
32030
32031
32032
32035
32036
32042
32046
32047
32048
32051
32056
32058
32060
32077
32081
32083
32086
32092
32096
32097
32099
32101
32102
32104
32106
32107
32109
32112
32115
32123
32135
32151
32153
32155
32164
32167
32180
32189
32191
32198
32202
32203
32213
32214
32217
32221
32232
32234
32239
32252
32259
32260
32261
32263
32270
32272
32276
32280
32283
32284
32285
32286
32287
32288
32289
32291
32298
32303
32304
32307
32311
32317
32322
32323
32325
32326
32328
32334
32336
32338
32340
32345
32346
32347
32348
32349
32350
32357
32361
32366
32367
32378
32388
32396
32397
32405
32406
32407
32414
32416
32417
32421
32433
32438
32440
32441
32457
32459
32460
32472
32474
32481
32493
32494
32495
32497
32499
32501
32504
32509
32510
32511
32512
32514
32515
32518
32523
32526
32528
32530
32531
32532
32534
32540
32541
32542
32543
32548
32549
32551
32558
32559
32564
32566
32570
32571
32576
32578
32583
32586
32587
32588
32590
32591
32592
32594
32602
32607
32610
32612
32614
32619
32623
32624
32627
32639
32641
32644
32646
32658
32662
32668
32675
32678
32685
32686
32691
32693
32695
32702
32708
32713
32714
32723
32734
32736
32737
32738
32739
32747
32748
32750
32752
32757
32761
32769
32789
32791
32794
32800
32804
32811
32812
32821
32835
32837
32845
32850
32857
32858
32863
32868
32872
32874
32881
32882
32894
32897
32899
32904
32906
32907
32909
32911
32912
32913
32918
32919
32922
32925
32934
32937
32945
32948
32949
32957
32959
32963
32965
32970
32971
32972
32973
32985
32987
32990
32992
32993
32994
33000
33003
33005
33012
33018
33024
33025
33027
33031
33037
33042
33044
33049
33056
33068
33072
33074
33079
33081
33108
33116
33119
33120
33125
33130
33136
33140
33147
33149
33154
33160
33162
33166
33167
33169
33171
33177
33178
33182
33184
33201
33202
33203
33204
33205
33214
33216
33224
33226
33228
33233
33234
33235
33236
33238
33244
33245
33250
33252
33253
33254
33263
33268
33270
33272
33276
33280
33285
33287
33290
33292
33294
33296
33297
33298
33300
33302
33304
33311
33313
33315
33322
33326
33328
33330
33331
33336
33338
33347
33349
33350
33351
33354
33356
33359
33361
33362
33380
33396
33399
33401
33405
33418
33420
33423
33425
33430
33446
33451
33457
33459
33468
33474
33476
33478
33496
33499
33504
33506
33511
33512
33513
33515
33517
33522
33526
33527
33529
33530
33531
33534
33536
33547
33549
33553
33560
33561
33565
33567
33568
33570
33573
33575
33576
33577
33584
33586
33588
33591
33593
33595
33596
33597
33605
33612
33621
33623
33624
33626
33629
33630
33632
33633
33634
33649
33655
33657
33660
33681
33682
33683
33684
33685
33689
33694
33696
33705
33721
33726
33742
33747
33748
33754
33756
33761
33766
33776
33777
33779
33780
33781
33785
33787
33791
33797
33805
33809
33813
33817
33818
33819
33838
33840
33843
33849
33850
33851
33852
33854
33857
33858
33859
33863
33870
33875
33877
33881
33890
33891
33892
33894
33898
33906
33908
33911
33913
33914
33919
33923
33931
33936
33940
33943
33963
33967
33969
33970
33972
33973
33978
33980
33983
33985
33987
33994
34006
34010
34013
34017
34023
34025
34026
34027
34041
34044
34046
34056
34067
34068
34072
34076
34078
34080
34085
34087
34088
34089
34090
34093
34107
34115
34116
34118
34120
34125
34127
34129
34132
34134
34136
34140
34142
34153
34173
34187
34190
34192
34193
34194
34199
34200
34201
34203
34204
34207
34220
34222
34224
34233
34237
34239
34240
34241
34244
34245
34247
34249
34250
34260
34263
34265
34274
34280
34282
34285
34287
34289
34296
34297
34298
34302
34307
34308
34311
34315
34319
34320
34322
34337
34346
34347
34349
34350
34352
34354
34355
34358
34362
34364
34370
34375
34377
34387
34394
34400
34403
34408
34416
34417
34425
34427
34432
34442
34445
34451
34453
34455
34466
34470
34480
34482
34483
34492
34500
34512
34515
34519
34531
34532
34534
34540
34543
34545
34546
34548
34550
34551
34553
34559
34561
34564
34567
34572
34574
34576
34582
34589
34591
34593
34599
34600
34601
34608
34610
34613
34614
34615
34618
34626
34629
34630
34632
34635
34642
34643
34644
34646
34652
34657
34663
34664
34666
34688
34693
34697
34704
34712
34722
34725
34729
34739
34743
34748
34749
34761
34777
34787
34788
34789
34790
34794
34800
34808
34810
34812
34813
34814
34815
34818
34819
34823
34839
34841
34842
34847
34849
34852
34854
34855
34858
34863
34865
34872
34878
34879
34881
34886
34891
34893
34895
34897
34899
34902
34903
34905
34906
34907
34909
34910
34911
34912
34913
34914
34918
34919
34925
34934
34942
34943
34944
34945
34948
34966
34968
34969
34970
34972
34976
34978
34984
34985
34987
35002
35008
35012
35014
35015
35019
35021
35024
35029
35031
35037
35056
35061
35063
35068
35069
35077
35078
35091
35095
35098
35100
35101
35102
35103
35106
35112
35114
35120
35129
35130
35131
35132
35135
35136
35140
35142
35144
35150
35158
35159
35167
35171
35174
35180
35182
35185
35188
35196
35198
35203
35206
35211
35212
35215
35218
35220
35221
35223
35225
35226
35227
35233
35235
35236
35240
35257
35258
35266
35276
35278
35282
35284
35287
35296
35301
35302
35303
35304
35305
35309
35314
35317
35318
35325
35330
35334
35341
35343
35348
35358
35363
35372
35375
35380
35382
35384
35385
35386
35387
35389
35392
35393
35394
35401
35404
35406
35408
35411
35414
35415
35426
35428
35429
35431
35433
35438
35450
35452
35463
35478
35483
35487
35488
35492
35494
35500
35505
35506
35507
35509
35512
35515
35518
35535
35537
35541
35544
35551
35557
35560
35561
35562
35566
35569
35571
35585
35588
35598
35600
35605
35606
35607
35612
35613
35614
35615
35616
35618
35620
35626
35636
35638
35652
35655
35660
35661
35663
35664
35666
35668
35669
35670
35673
35688
35689
35693
35694
35695
35704
35706
35710
35712
35714
35715
35716
35718
35720
35722
35723
35731
35732
35735
35736
35738
35742
35749
35750
35760
35761
35763
35769
35770
35771
35773
35776
35778
35784
35788
35789
35790
35811
35813
35816
35818
35819
35820
35823
35838
35841
35842
35846
35858
35860
35866
35869
35880
35887
35897
35899
35916
35918
35920
35921
35922
35933
35936
35937
35938
35939
35945
35947
35950
35953
35965
35969
35970
35972
35974
35984
35986
35988
35989
35990
35992
35994
35998
36004
36011
36014
36016
36017
36018
36020
36025
36027
36030
36034
36037
36042
36045
36046
36047
36048
36049
36050
36052
36054
36056
36058
36066
36073
36082
36083
36085
36087
36097
36099
36100
36102
36105
36114
36116
36117
36119
36120
36124
36132
36134
36141
36148
36152
36160
36162
36170
36172
36177
36204
36206
36209
36210
36211
36218
36225
36226
36229
36245
36248
36250
36251
36253
36262
36264
36267
36269
36272
36274
36276
36279
36283
36285
36288
36290
36292
36294
36295
36296
36304
36306
36308
36310
36314
36315
36325
36329
36331
36335
36338
36339
36340
36342
36346
36355
36356
36358
36360
36361
36367
36369
36371
36372
36373
36376
36379
36380
36383
36388
36395
36397
36398
36400
36402
36409
36414
36439
36446
36458
36462
36463
36471
36475
36484
36498
36503
36507
36509
36516
36522
36526
36528
36532
36545
36548
36550
36552
36559
36560
36562
36564
36573
36574
36581
36582
36590
36591
36594
36595
36596
36598
36600
36605
36606
36608
36609
36611
36618
36621
36624
36628
36630
36632
36633
36634
36640
36643
36654
36658
36661
36672
36677
36692
36694
36699
36700
36702
36708
36710
36713
36716
36718
36720
36728
36738
36751
36754
36766
36770
36777
36780
36786
36791
36801
36805
36806
36807
36808
36809
36812
36814
36815
36821
36824
36825
36826
36827
36828
36832
36836
36842
36844
36847
36853
36860
36862
36863
36865
36869
36873
36878
36880
36882
36884
36889
36896
36897
36898
36899
36903
36906
36910
36913
36917
36922
36926
36929
36931
36933
36936
36941
36958
36960
36979
36986
36989
36991
36993
36995
36996
36998
37000
37016
37020
37026
37032
37041
37043
37046
37050
37055
37057
37066
37069
37071
37076
37078
37079
37081
37083
37086
37091
37093
37094
37096
37098
37101
37103
37104
37105
37107
37111
37113
37116
37143
37145
37148
37149
37150
37152
37153
37154
37163
37167
37172
37174
37179
37181
37183
37188
37192
37193
37197
37199
37201
37204
37209
37211
37228
37233
37236
37238
37249
37251
37256
37258
37259
37261
37262
37264
37266
37268
37272
37276
37278
37281
37300
37304
37308
37312
37315
37316
37325
37326
37328
37336
37341
37346
37351
37354
37355
37357
37359
37360
37361
37362
37363
37364
37371
37374
37380
37384
37387
37404
37406
37415
37416
37418
37423
37424
37426
37429
37431
37433
37435
37438
37440
37444
37446
37447
37448
37458
37460
37463
37468
37474
37477
37483
37484
37497
37507
37516
37517
37518
37522
37524
37527
37531
37535
37542
37546
37551
37553
37558
37560
37571
37573
37575
37578
37582
37584
37588
37590
37591
37592
37594
37617
37635
37637
37639
37641
37644
37645
37651
37652
37653
37662
37669
37671
37673
37675
37677
37678
37679
37680
37682
37684
37686
37688
37689
37691
37693
37700
37702
37704
37705
37706
37708
37722
37724
37728
37729
37738
37739
37740
37741
37744
37747
37751
37752
37753
37759
37766
37768
37769
37770
37771
37772
37773
37775
37777
37779
37789
37795
37797
37800
37802
37805
37806
37831
37836
37848
37850
37852
37854
37855
37856
37862
37872
37874
37875
37878
37889
37890
37896
37897
37901
37903
37904
37906
37915
37922
37924
37926
37929
37932
37937
37949
37952
37953
37959
37961
37962
37963
37965
37966
37967
37969
37972
37973
37980
37982
37983
37984
37986
37992
37998
37999
38005
38006
38007
38008
38012
38020
38024
38025
38027
38034
38039
38048
38050
38053
38057
38059
38062
38069
38080
38083
38085
38095
38097
38099
38115
38117
38120
38129
38136
38142
38154
38156
38160
38162
38168
38169
38170
38172
38174
38176
38179
38181
38182
38184
38185
38186
38190
38194
38205
38209
38211
38212
38213
38217
38219
38228
38231
38239
38242
38247
38257
38265
38274
38278
38280
38282
38284
38288
38291
38298
38305
38310
38312
38319
38330
38355
38361
38365
38369
38371
38373
38377
38379
38382
38393
38395
38401
38403
38409
38410
38411
38412
38414
38424
38426
38431
38443
38447
38449
38455
38456
38457
38459
38468
38473
38475
38477
38481
38482
38486
38488
38489
38490
38493
38496
38501
38503
38507
38509
38513
38517
38521
38523
38526
38527
38528
38531
38538
38546
38554
38559
38564
38568
38571
38573
38574
38575
38576
38577
38578
38580
38591
38593
38601
38604
38611
38615
38619
38626
38636
38647
38649
38650
38663
38666
38671
38681
38682
38683
38684
38690
38691
38694
38706
38720
38722
38727
38730
38736
38739
38744
38746
38747
38759
38761
38762
38763
38768
38769
38771
38774
38778
38780
38781
38782
38783
38785
38786
38792
38795
38796
38797
38798
38799
38801
38803
38809
38811
38816
38818
38829
38836
38837
38840
38842
38843
38849
38850
38852
38855
38856
38857
38858
38860
38864
38870
38884
38894
38897
38899
38905
38911
38914
38918
38932
38943
38947
38949
38953
38954
38956
38958
38962
38966
38969
38972
38973
38974
38976
38985
38986
38992
39000
39001
39003
39006
39007
39008
39010
39013
39014
39015
39016
39017
39018
39020
39022
39024
39027
39028
39029
39030
39031
39037
39045
39047
39048
39049
39054
39056
39058
39061
39065
39096
39103
39118
39123
39126
39129
39132
39133
39134
39135
39140
39145
39148
39160
39162
39171
39180
39185
39194
