2
7
9
12
15
19
21
25
28
48
50
54
59
71
87
97
100
107
117
130
140
142
144
145
154
156
163
165
177
185
187
199
204
206
211
213
214
216
217
219
220
221
222
226
229
230
232
233
244
245
249
250
254
263
265
266
267
268
270
276
278
282
289
290
291
299
300
303
305
307
308
309
311
312
313
314
318
321
322
323
329
331
333
335
337
339
341
342
346
351
363
366
375
376
378
379
380
381
382
387
388
394
397
398
401
410
412
413
414
416
422
424
427
434
450
456
466
469
473
479
491
493
494
496
501
525
530
531
533
534
543
545
546
550
556
558
559
571
572
574
576
580
581
582
584
587
588
602
603
604
606
611
613
615
616
622
626
627
628
636
641
644
649
650
651
652
653
654
655
658
659
661
662
667
676
677
680
683
688
693
700
702
705
707
709
714
716
718
730
731
733
736
739
748
760
764
769
770
774
779
784
786
787
809
810
812
820
823
826
836
842
849
856
862
863
864
865
866
876
881
884
888
892
893
894
897
898
906
919
921
922
929
932
936
939
941
942
955
956
960
969
974
979
983
984
991
992
994
996
1000
1007
1014
1016
1018
1024
1026
1028
1040
1041
1043
1048
1051
1052
1056
1065
1066
1072
1079
1084
1085
1086
1090
1091
1098
1100
1103
1107
1111
1117
1119
1126
1136
1138
1142
1146
1149
1154
1158
1160
1161
1168
1172
1178
1183
1194
1197
1199
1200
1203
1210
1214
1215
1222
1233
1240
1243
1245
1247
1253
1263
1264
1265
1268
1270
1273
1279
1280
1282
1285
1286
1291
1292
1303
1304
1305
1308
1316
1318
1320
1327
1328
1330
1332
1334
1368
1377
1378
1380
1387
1396
1398
1399
1403
1418
1422
1424
1428
1437
1441
1448
1454
1456
1458
1462
1465
1470
1472
1477
1479
1480
1481
1483
1485
1490
1491
1493
1497
1498
1500
1503
1504
1505
1506
1510
1513
1520
1522
1524
1527
1529
1532
1533
1536
1545
1546
1550
1551
1553
1554
1565
1566
1572
1573
1574
1577
1581
1584
1593
1596
1608
1610
1615
1617
1633
1640
1662
1671
1681
1682
1688
1696
1697
1698
1700
1701
1702
1704
1709
1710
1717
1719
1724
1731
1739
1743
1746
1748
1750
1752
1753
1757
1759
1762
1767
1768
1769
1770
1771
1773
1775
1776
1780
1783
1785
1792
1794
1796
1798
1806
1808
1811
1824
1825
1828
1830
1834
1846
1852
1853
1855
1864
1867
1869
1874
1875
1877
1886
1895
1897
1899
1904
1905
1920
1923
1930
1932
1940
1943
1946
1956
1957
1958
1959
1977
1979
1980
1981
1982
1984
1989
1997
1998
2000
2007
2009
2011
2023
2024
2026
2031
2033
2037
2039
2041
2042
2047
2049
2051
2052
2053
2056
2058
2067
2068
2069
2074
2075
2076
2077
2078
2080
2083
2088
2090
2092
2093
2102
2107
2110
2111
2124
2129
2133
2134
2147
2151
2156
2158
2159
2160
2161
2170
2184
2185
2189
2203
2204
2205
2211
2221
2223
2226
2227
2235
2236
2237
2238
2242
2253
2254
2256
2260
2264
2267
2278
2280
2281
2283
2292
2296
2307
2308
2312
2313
2314
2318
2322
2333
2335
2337
2338
2340
2353
2354
2355
2356
2358
2359
2369
2370
2372
2382
2384
2385
2387
2390
2427
2428
2429
2430
2436
2443
2444
2445
2450
2464
2466
2469
2473
2475
2482
2483
2503
2512
2522
2530
2533
2542
2543
2544
2546
2548
2550
2557
2560
2561
2564
2573
2574
2576
2579
2590
2597
2598
2600
2604
2606
2611
2617
2619
2620
2625
2628
2630
2635
2638
2641
2643
2648
2652
2654
2656
2658
2662
2665
2666
2667
2668
2670
2673
2675
2677
2678
2680
2688
2689
2690
2691
2692
2694
2704
2706
2707
2722
2723
2725
2726
2727
2728
2732
2735
2743
2744
2746
2753
2754
2755
2768
2771
2777
2783
2788
2790
2798
2810
2817
2818
2823
2824
2832
2834
2852
2858
2872
2875
2881
2886
2891
2898
2906
2911
2914
2916
2918
2919
2923
2928
2930
2933
2934
2938
2942
2944
2948
2953
2961
2967
2969
2970
2972
2976
2978
2979
2982
2986
2987
2988
2989
2990
2991
2998
3002
3005
3009
3015
3023
3024
3025
3026
3031
3033
3035
3036
3037
3038
3042
3043
3048
3051
3057
3063
3065
3068
3078
3085
3086
3088
3090
3091
3093
3096
3097
3098
3104
3107
3114
3122
3124
3134
3135
3140
3142
3144
3149
3151
3159
3160
3166
3168
3169
3178
3179
3180
3195
3197
3200
3213
3214
3215
3218
3221
3222
3223
3224
3228
3240
3244
3247
3251
3259
3262
3270
3272
3278
3282
3286
3289
3296
3298
3300
3302
3303
3306
3312
3321
3324
3325
3328
3331
3332
3337
3338
3342
3343
3344
3345
3348
3349
3350
3351
3370
3372
3373
3376
3378
3382
3387
3389
3396
3399
3402
3406
3407
3424
3429
3431
3433
3434
3436
3448
3449
3455
3461
3464
3468
3470
3493
3494
3496
3499
3508
3520
3525
3527
3542
3544
3555
3556
3560
3561
3562
3564
3567
3569
3571
3579
3581
3582
3583
3591
3592
3593
3595
3598
3599
3610
3613
3614
3615
3617
3619
3620
3627
3629
3631
3638
3643
3644
3648
3650
3651
3652
3653
3655
3663
3670
3673
3676
3677
3678
3679
3686
3688
3690
3692
3693
3704
3715
3719
3721
3741
3742
3743
3744
3745
3747
3748
3757
3762
3765
3774
3775
3776
3781
3784
3786
3788
3796
3808
3815
3821
3828
3837
3841
3847
3855
3860
3863
3864
3865
3866
3867
3871
3875
3876
3877
3878
3879
3890
3897
3899
3900
3905
3924
3930
3933
3937
3940
3941
3945
3951
3952
3957
3963
3983
3985
3989
3995
4000
4009
4011
4013
4028
4030
4034
4037
4043
4045
4050
4051
4052
4058
4061
4062
4068
4070
4075
4083
4087
4089
4091
4099
4101
4105
4107
4111
4112
4114
4116
4118
4120
4133
4135
4138
4142
4147
4155
4157
4163
4170
4172
4174
4179
4180
4183
4185
4186
4188
4195
4198
4217
4220
4226
4232
4233
4235
4239
4241
4247
4258
4268
4269
4270
4271
4278
4282
4284
4287
4288
4290
4293
4295
4297
4300
4305
4308
4316
4325
4330
4332
4335
4338
4342
4343
4344
4349
4350
4351
4355
4362
4364
4368
4369
4370
4377
4381
4385
4387
4392
4395
4398
4403
4414
4421
4424
4442
4448
4461
4463
4467
4475
4478
4488
4493
4500
4501
4504
4506
4515
4519
4523
4527
4529
4530
4533
4535
4541
4543
4545
4546
4550
4551
4554
4557
4558
4561
4572
4574
4579
4590
4595
4596
4603
4607
4609
4611
4618
4621
4625
4628
4630
4631
4635
4636
4637
4638
4650
4652
4655
4657
4659
4679
4681
4683
4703
4705
4707
4708
4709
4712
4714
4719
4721
4722
4725
4726
4732
4739
4755
4756
4761
4778
4780
4782
4787
4788
4792
4795
4797
4799
4801
4802
4803
4804
4805
4807
4809
4811
4817
4821
4823
4826
4832
4834
4835
4838
4854
4856
4857
4859
4868
4869
4874
4877
4879
4881
4883
4884
4886
4887
4889
4898
4905
4907
4912
4915
4920
4924
4930
4932
4947
4955
4957
4966
4968
4969
4970
4978
4980
4982
4984
4985
4986
4988
4992
5003
5005
5006
5011
5019
5021
5029
5033
5036
5038
5040
5041
5042
5049
5052
5053
5055
5057
5060
5062
5064
5076
5078
5080
5081
5082
5090
5092
5099
5102
5113
5128
5132
5134
5138
5140
5141
5146
5149
5151
5152
5153
5154
5175
5178
5186
5187
5202
5207
5209
5210
5214
5218
5224
5230
5232
5242
5247
5249
5253
5257
5259
5260
5261
5263
5264
5265
5268
5274
5276
5278
5283
5284
5286
5288
5299
5301
5304
5306
5308
5310
5313
5316
5318
5321
5322
5324
5331
5332
5333
5335
5337
5342
5344
5345
5347
5352
5366
5367
5368
5376
5378
5379
5382
5391
5393
5397
5401
5406
5411
5412
5418
5421
5424
5437
5454
5456
5458
5479
5490
5495
5497
5498
5500
5501
5503
5509
5510
5511
5512
5514
5516
5520
5522
5526
5528
5529
5535
5537
5539
5540
5543
5547
5548
5549
5550
5552
5558
5564
5567
5568
5570
5575
5580
5583
5584
5585
5587
5593
5596
5607
5608
5610
5611
5615
5616
5617
5621
5622
5623
5625
5628
5633
5635
5638
5645
5656
5664
5666
5670
5673
5674
5675
5692
5704
5710
5712
5715
5731
5743
5745
5753
5758
5771
5775
5778
5781
5783
5790
5792
5806
5815
5820
5822
5823
5826
5830
5834
5837
5838
5840
5842
5844
5847
5848
5857
5859
5861
5865
5866
5867
5868
5871
5873
5875
5877
5881
5883
5888
5890
5896
5898
5901
5904
5908
5910
5913
5921
5926
5930
5932
5935
5937
5940
5942
5944
5948
5951
5952
5953
5968
5980
5982
5991
5992
5995
5999
6001
6002
6004
6011
6015
6019
6020
6023
6025
6028
6032
6034
6036
6046
6050
6053
6055
6057
6067
6075
6080
6082
6088
6095
6097
6098
6101
6103
6104
6106
6108
6110
6111
6112
6114
6124
6125
6128
6135
6139
6146
6148
6149
6151
6157
6163
6168
6170
6172
6180
6195
6200
6202
6205
6210
6212
6213
6222
6224
6225
6233
6235
6248
6256
6258
6260
6271
6277
6298
6306
6310
6314
6316
6322
6325
6327
6328
6330
6338
6344
6355
6357
6358
6368
6371
6373
6380
6382
6388
6393
6398
6400
6402
6404
6409
6411
6412
6422
6424
6428
6429
6433
6434
6441
6444
6448
6450
6452
6459
6460
6465
6470
6472
6474
6480
6482
6487
6490
6493
6501
6502
6505
6508
6513
6516
6520
6522
6524
6525
6526
6528
6538
6544
6546
6554
6560
6566
6570
6571
6574
6577
6602
6603
6605
6610
6614
6615
6616
6618
6630
6634
6637
6646
6648
6650
6653
6658
6668
6670
6671
6672
6674
6675
6682
6684
6692
6694
6696
6697
6698
6700
6715
6729
6730
6734
6737
6740
6748
6756
6762
6764
6766
6767
6768
6773
6775
6779
6780
6782
6783
6785
6786
6787
6798
6801
6803
6804
6806
6819
6820
6828
6842
6844
6849
6850
6851
6861
6862
6865
6867
6872
6874
6876
6884
6890
6892
6894
6899
6904
6910
6911
6912
6916
6917
6929
6931
6935
6936
6946
6948
6949
6950
6956
6958
6964
6978
6981
6984
6995
6997
6999
7003
7005
7009
7014
7018
7020
7021
7022
7024
7027
7030
7032
7034
7047
7058
7062
7063
7065
7066
7073
7080
7092
7094
7100
7102
7107
7109
7110
7112
7113
7114
7122
7127
7129
7130
7133
7135
7143
7145
7151
7152
7158
7170
7177
7178
7180
7185
7187
7193
7208
7209
7213
7215
7217
7220
7224
7228
7230
7232
7234
7236
7238
7245
7247
7256
7257
7258
7259
7260
7264
7271
7275
7278
7281
7285
7288
7289
7294
7301
7305
7310
7312
7313
7314
7316
7320
7325
7327
7329
7330
7336
7339
7340
7344
7351
7364
7366
7368
7382
7385
7387
7389
7390
7391
7404
7408
7411
7413
7419
7421
7431
7432
7434
7436
7445
7450
7460
7462
7472
7474
7488
7493
7494
7496
7498
7499
7504
7510
7511
7513
7514
7515
7519
7520
7521
7525
7527
7536
7537
7558
7561
7563
7564
7565
7566
7569
7574
7578
7580
7582
7585
7587
7590
7594
7602
7607
7612
7618
7620
7623
7625
7626
7628
7630
7641
7642
7644
7648
7657
7665
7667
7673
7679
7680
7683
7684
7689
7690
7694
7696
7698
7709
7711
7712
7718
7720
7725
7732
7734
7739
7740
7742
7746
7750
7754
7755
7763
7773
7776
7777
7778
7779
7790
7792
7811
7815
7816
7826
7827
7836
7841
7842
7847
7849
7855
7858
7865
7868
7869
7876
7877
7882
7888
7897
7898
7900
7901
7903
7907
7921
7925
7926
7927
7935
7936
7938
7941
7944
7946
7949
7951
7958
7961
7963
7964
7969
7971
7978
7982
8001
8002
8003
8011
8018
8019
8020
8024
8028
8033
8045
8047
8049
8053
8061
8063
8067
8070
8071
8073
8078
8084
8093
8096
8113
8118
8120
8126
8128
8131
8132
8136
8137
8138
8139
8145
8146
8148
8150
8154
8156
8162
8166
8175
8177
8179
8182
8183
8187
8189
8191
8193
8195
8198
8201
8207
8220
8221
8230
8242
8244
8247
8248
8249
8255
8256
8258
8264
8268
8283
8290
8304
8309
8311
8333
8338
8341
8351
8352
8354
8357
8358
8366
8368
8375
8377
8391
8393
8402
8406
8412
8413
8415
8416
8418
8424
8425
8433
8435
8436
8437
8439
8441
8447
8449
8453
8456
8459
8460
8461
8470
8471
8475
8476
8478
8484
8488
8494
8501
8503
8508
8511
8513
8515
8520
8521
8523
8526
8533
8538
8564
8567
8569
8585
8587
8589
8591
8604
8607
8613
8618
8621
8622
8623
8628
8632
8634
8636
8637
8639
8641
8643
8645
8650
8657
8659
8668
8669
8670
8673
8682
8686
8687
8689
8690
8691
8696
8699
8702
8712
8714
8715
8720
8727
8732
8737
8739
8742
8747
8750
8755
8756
8765
8768
8774
8779
8785
8788
8790
8793
8802
8806
8818
8820
8822
8834
8839
8844
8846
8847
8848
8849
8852
8857
8864
8867
8869
8870
8877
8885
8890
8903
8910
8911
8912
8919
8921
8922
8925
8930
8935
8939
8940
8942
8946
8948
8951
8954
8956
8958
8964
8965
8966
8970
8971
8972
8973
8976
8992
8994
8995
9002
9012
9014
9017
9020
9034
9035
9036
9037
9038
9039
9043
9054
9057
9059
9064
9065
9068
9070
9072
9082
9088
9094
9096
9098
9101
9108
9118
9120
9122
9130
9136
9138
9142
9144
9146
9148
9154
9164
9168
9171
9181
9183
9185
9187
9189
9190
9192
9201
9207
9214
9216
9220
9222
9232
9234
9238
9240
9241
9243
9245
9248
9252
9255
9258
9262
9265
9268
9272
9280
9286
9288
9293
9299
9306
9311
9321
9323
9332
9335
9337
9341
9343
9344
9349
9352
9354
9356
9358
9371
9376
9378
9388
9392
9394
9402
9406
9411
9416
9420
9428
9431
9435
9440
9441
9444
9455
9466
9467
9468
9477
9494
9500
9501
9503
9504
9505
9506
9507
9510
9513
9518
9524
9526
9528
9530
9531
9532
9533
9538
9542
9546
9547
9549
9551
9556
9563
9567
9571
9573
9584
9586
9587
9590
9593
9598
9604
9611
9613
9614
9624
9627
9628
9638
9649
9650
9655
9658
9660
9662
9670
9676
9678
9680
9682
9684
9689
9691
9696
9698
9700
9707
9711
9713
9715
9716
9717
9718
9720
9724
9733
9736
9738
9740
9741
9747
9751
9756
9758
9762
9766
9775
9776
9778
9784
9785
9794
9796
9802
9811
9822
9824
9831
9834
9836
9840
9842
9844
9849
9851
9860
9862
9864
9866
9868
9869
9870
9883
9884
9898
9902
9907
9908
9910
9911
9912
9913
9919
9920
9922
9924
9927
9938
9944
9945
9946
9951
9957
9958
9959
9960
9964
9968
9980
9984
9986
9987
9996
9997
10006
10012
10014
10015
10016
10018
10026
10027
10028
10030
10031
10032
10033
10034
10038
10045
10055
10056
10057
10070
10071
10072
10078
10080
10081
10082
10088
10089
10091
10093
10094
10095
10102
10106
10108
10112
10113
10122
10124
10129
10131
10134
10138
10139
10140
10141
10143
10144
10146
10152
10158
10160
10161
10162
10176
10181
10185
10187
10199
10200
10201
10203
10204
10205
10214
10215
10218
10220
10224
10244
10255
10256
10258
10262
10264
10266
10274
10275
10276
10286
10288
10290
10294
10295
10298
10304
10306
10310
10316
10318
10319
10321
10322
10323
10327
10332
10333
10348
10349
10351
10356
10360
10364
10367
10369
10371
10374
10377
10382
10386
10390
10391
10400
10402
10408
10412
10420
10422
10423
10424
10428
10432
10438
10446
10467
10469
10470
10475
10477
10486
10488
10491
10499
10500
10502
10504
10509
10513
10519
10520
10528
10533
10534
10545
10546
10550
10552
10555
10557
10558
10560
10580
10581
10582
10583
10584
10586
10588
10590
10596
10599
10604
10617
10619
10623
10624
10628
10631
10633
10634
10636
10637
10642
10644
10647
10653
10656
10662
10663
10664
10665
10680
10681
10683
10688
10689
10692
10695
10700
10702
10703
10705
10706
10708
10710
10712
10715
10716
10717
10718
10726
10728
10734
10746
10747
10748
10749
10750
10751
10755
10759
10761
10768
10772
10779
10782
10784
10796
10809
10812
10814
10815
10818
10825
10828
10835
10837
10850
10852
10858
10860
10863
10872
10876
10877
10878
10882
10883
10886
10893
10894
10895
10898
10903
10904
10905
10912
10917
10922
10924
10926
10929
10930
10932
10936
10938
10940
10942
10943
10944
10945
10947
10948
10949
10958
10967
10972
10973
10975
10977
10980
10984
10994
10995
11000
11006
11010
11028
11031
11033
11038
11047
11049
11053
11070
11074
11076
11080
11093
11095
11098
11101
11103
11107
11127
11129
11130
11131
11146
11148
11154
11159
11161
11162
11163
11164
11165
11166
11176
11181
11184
11189
11193
11195
11196
11197
11198
11200
11201
11202
11203
11204
11207
11208
11210
11212
11220
11223
11226
11228
11231
11235
11243
11249
11251
11258
11259
11260
11261
11262
11263
11264
11265
11274
11278
11280
11281
11283
11284
11288
11290
11292
11294
11296
11298
11299
11308
11311
11312
11314
11316
11318
11321
11329
11331
11333
11339
11341
11350
11354
11355
11358
11363
11368
11375
11379
11381
11388
11394
11395
11410
11412
11418
11432
11434
11436
11442
11445
11446
11448
11456
11463
11465
11476
11483
11487
11500
11503
11510
11519
11526
11534
11540
11541
11542
11544
11547
11552
11554
11556
11561
11568
11570
11578
11599
11600
11605
11608
11609
11610
11612
11613
11616
11621
11625
11632
11634
11635
11636
11647
11648
11650
11652
11657
11659
11662
11669
11671
11673
11676
11689
11701
11710
11717
11720
11721
11722
11727
11730
11732
11734
11737
11742
11747
11757
11758
11762
11768
11770
11778
11779
11781
11784
11790
11792
11795
11799
11807
11809
11814
11820
11823
11828
11835
11836
11839
11844
11845
11847
11848
11849
11852
11856
11864
11865
11874
11877
11880
11885
11894
11896
11900
11906
11908
11913
11926
11928
11930
11935
11939
11941
11943
11944
11945
11949
11952
11956
11960
11965
11967
11969
11970
11971
11972
11977
11990
11992
11998
12001
12010
12011
12012
12017
12020
12022
12028
12029
12031
12032
12036
12041
12053
12055
12056
12057
12060
12061
12062
12066
12068
12072
12087
12089
12096
12099
12101
12105
12117
12120
12123
12124
12126
12134
12135
12136
12141
12143
12145
12148
12154
12160
12162
12178
12181
12183
12185
12188
12190
12206
12208
12214
12215
12216
12217
12220
12224
12229
12231
12232
12233
12239
12243
12245
12246
12247
12252
12266
12268
12270
12271
12272
12279
12285
12288
12291
12298
12300
12302
12305
12311
12312
12316
12317
12319
12320
12321
12327
12332
12333
12334
12338
12344
12350
12351
12362
12366
12369
12376
12379
12381
12383
12385
12387
12389
12393
12397
12403
12406
12408
12416
12435
12447
12465
12467
12469
12481
12484
12486
12495
12497
12499
12500
12509
12511
12513
12516
12518
12521
12523
12525
12536
12540
12543
12546
12550
12552
12553
12554
12556
12561
12563
12565
12569
12575
12581
12583
12585
12589
12594
12595
12596
12597
12601
12602
12603
12606
12607
12609
12615
12616
12617
12618
12621
12624
12631
12635
12637
12642
12643
12644
12645
12647
12661
12670
12672
12673
12674
12683
12699
12701
12703
12711
12712
12715
12719
12721
12744
12750
12761
12769
12773
12787
12789
12790
12792
12794
12797
12798
12804
12805
12817
12819
12826
12828
12835
12839
12841
12845
12846
12847
12848
12864
12866
12868
12870
12871
12877
12886
12887
12890
12894
12898
12905
12906
12907
12911
12913
12917
12922
12924
12940
12942
12947
12949
12950
12951
12953
12954
12961
12962
12963
12970
12971
12975
12981
12988
12992
12993
12994
12995
12996
12997
12998
13002
13013
13014
13015
13019
13021
13024
13030
13034
13036
13038
13042
13043
13048
13051
13057
13060
13064
13066
13068
13070
13072
13074
13077
13085
13087
13096
13098
13099
13107
13108
13109
13113
13117
13118
13121
13123
13125
13126
13130
13139
13140
13145
13146
13148
13161
13167
13168
13172
13178
13191
13193
13194
13199
13204
13206
13212
13214
13219
13223
13227
13230
13242
13244
13245
13262
13267
13268
13272
13274
13275
13276
13277
13278
13282
13283
13288
13290
13294
13298
13301
13305
13315
13320
13325
13326
13327
13328
13329
13331
13336
13350
13352
13357
13359
13363
13367
13373
13374
13375
13377
13379
13382
13392
13400
13405
13410
13427
13432
13436
13438
13441
13443
13445
13447
13449
13453
13460
13463
13468
13476
13479
13482
13483
13487
13492
13495
13503
13509
13510
13525
13529
13535
13536
13538
13540
13545
13551
13558
13559
13561
13563
13565
13567
13578
13581
13585
13589
13591
13592
13594
13595
13596
13597
13603
13625
13636
13637
13638
13639
13640
13641
13643
13645
13646
13647
13652
13654
13656
13658
13661
13663
13678
13680
13687
13688
13689
13691
13692
13694
13695
13696
13701
13713
13714
13715
13721
13739
13740
13741
13743
13746
13749
13751
13756
13757
13758
13761
13765
13767
13768
13769
13771
13772
13774
13789
13796
13805
13806
13809
13814
13816
13820
13824
13839
13844
13848
13851
13856
13863
13865
13866
13867
13868
13870
13874
13883
13891
13914
13921
13922
13929
13931
13932
13938
13940
13943
13951
13953
13954
13956
13960
13964
13972
13974
13976
13977
13979
13986
13993
13998
14000
14001
14017
14018
14020
14025
14027
14028
14029
14033
14034
14035
14036
14037
14038
14040
14041
14042
14043
14044
14048
14051
14052
14054
14056
14058
14059
14074
14075
14076
14078
14082
14087
14091
14098
14102
14119
14121
14123
14135
14136
14138
14144
14147
14149
14153
14154
14160
14165
14169
14180
14188
14201
14202
14203
14205
14206
14207
14208
14210
14213
14224
14242
14244
14245
14246
14248
14249
14251
14252
14253
14254
14255
14259
14261
14263
14265
14267
14272
14273
14280
14281
14287
14296
14302
14307
14309
14337
14352
14358
14359
14361
14364
14366
14367
14370
14371
14372
14375
14377
14378
14379
14380
14382
14397
14403
14411
14415
14417
14418
14429
14432
14438
14439
14442
14445
14449
14451
14453
14454
14455
14457
14458
14461
14464
14465
14466
14467
14469
14474
14475
14481
14486
14488
14490
14496
14504
14515
14522
14525
14532
14534
14546
14547
14548
14555
14561
14562
14563
14564
14567
14569
14572
14574
14585
14587
14609
14610
14611
14612
14615
14619
14623
14626
14632
14636
14638
14640
14650
14658
14662
14667
14670
14677
14678
14680
14681
14682
14683
14692
14693
14707
14721
14722
14723
14727
14733
14735
14736
14737
14739
14740
14741
14742
14744
14755
14766
14769
14773
14774
14775
14776
14778
14790
14791
14795
14796
14798
14805
14814
14827
14835
14836
14838
14843
14847
14849
14850
14853
14855
14856
14857
14861
14865
14867
14869
14870
14873
14887
14893
14895
14896
14897
14898
14901
14902
14904
14906
14909
14921
14924
14928
14933
14940
14945
14947
14951
14954
14964
14967
14969
14970
14972
14981
14983
14999
15000
15002
15003
15007
15016
15017
15020
15022
15023
15027
15029
15030
15031
15033
15045
15046
15051
15056
15058
15059
15066
15068
15070
15071
15072
15076
15077
15078
15082
15084
15085
15087
15089
15091
15096
15097
15112
15117
15121
15125
15128
15130
15145
15150
15152
15153
15154
15160
15165
15167
15173
15176
15178
15179
15180
15181
15182
15183
15188
15189
15194
15201
15208
15210
15214
15219
15222
15227
15233
15238
15241
15242
15243
15248
15250
15252
15254
15255
15261
15270
15274
15275
15276
15279
15280
15281
15285
15287
15290
15296
15298
15303
15313
15331
15332
15334
15338
15342
15344
15348
15350
15359
15365
15367
15373
15385
15397
15399
15401
15406
15407
15408
15410
15423
15425
15430
15433
15438
15440
15441
15442
15447
15451
15455
15459
15461
15462
15468
15469
15474
15476
15480
15486
15488
15493
15495
15499
15501
15510
15511
15513
15516
15517
15518
15525
15527
15533
15540
15541
15544
15550
15553
15554
15555
15556
15557
15560
15564
15573
15578
15587
15589
15591
15605
15606
15616
15618
15622
15626
15633
15635
15647
15648
15653
15663
15665
15673
15678
15690
15700
15707
15709
15710
15716
15718
15722
15724
15725
15727
15731
15737
15740
15741
15743
15748
15753
15762
15766
15768
15769
15770
15771
15772
15773
15777
15778
15780
15781
15782
15783
15785
15790
15795
15799
15800
15802
15808
15809
15810
15825
15828
15830
15836
15840
15843
15844
15845
15847
15852
15853
15860
15873
15877
15884
15886
15888
15897
15898
15899
15902
15906
15923
15932
15937
15939
15941
15945
15950
15954
15955
15956
15957
15958
15962
15967
15973
15978
15987
15989
15995
15996
15997
15998
16002
16003
16005
16006
16007
16013
16022
16031
16034
16042
16046
16049
16050
16052
16053
16055
16065
16067
16069
16070
16075
16077
16079
16083
16092
16104
16105
16109
16110
16111
16113
16126
16140
16151
16156
16158
16159
16165
16167
16169
16180
16182
16200
16202
16203
16212
16213
16215
16221
16223
16226
16228
16230
16234
16235
16236
16237
16255
16256
16259
16260
16264
16270
16274
16276
16280
16282
16286
16291
16294
16296
16301
16311
16312
16313
16315
16316
16317
16318
16322
16324
16325
16329
16330
16331
16332
16333
16335
16339
16340
16345
16346
16350
16358
16359
16368
16370
16381
16382
16385
16388
16390
16391
16392
16393
16402
16406
16408
16412
16414
16418
16420
16422
16426
16428
16429
16434
16439
16443
16444
16445
16446
16448
16449
16460
16462
16475
16477
16482
16488
16490
16493
16494
16495
16496
16497
16504
16505
16506
16513
16515
16518
16535
16538
16544
16548
16550
16558
16562
16564
16566
16572
16574
16577
16581
16592
16597
16604
16605
16606
16607
16609
16611
16619
16624
16648
16649
16650
16653
16655
16658
16662
16663
16664
16668
16670
16671
16673
16675
16680
16682
16684
16691
16693
16698
16706
16708
16712
16714
16716
16719
16735
16737
16739
16741
16749
16757
16759
16764
16767
16768
16769
16770
16772
16774
16778
16779
16780
16781
16782
16783
16785
16800
16813
16820
16822
16824
16829
16835
16836
16842
16843
16848
16850
16852
16854
16856
16858
16861
16864
16865
16866
16867
16869
16870
16875
16877
16879
16884
16886
16887
16889
16893
16895
16904
16906
16912
16916
16928
16929
16934
16938
16943
16945
16951
16953
16955
16956
16957
16958
16966
16967
16971
16973
16979
16985
17013
17015
17019
17021
17022
17024
17026
17029
17031
17033
17035
17036
17037
17038
17039
17040
17044
17046
17048
17052
17060
17064
17066
17071
17072
17074
17078
17083
17085
17088
17089
17093
17099
17102
17111
17115
17116
17122
17123
17125
17127
17129
17131
17132
17134
17137
17140
17149
17150
17157
17159
17169
17173
17192
17197
17198
17200
17202
17206
17214
17218
17223
17233
17235
17240
17244
17258
17269
17272
17274
17276
17282
17286
17292
17305
17311
17313
17321
17326
17329
17332
17340
17342
17349
17350
17351
17352
17358
17369
17371
17373
17386
17387
17390
17392
17393
17400
17402
17404
17412
17414
17420
17424
17429
17430
17434
17436
17437
17438
17439
17445
17456
17457
17458
17459
17461
17464
17466
17469
17471
17487
17498
17500
17501
17502
17507
17511
17517
17521
17522
17523
17530
17534
17535
17544
17549
17554
17558
17560
17567
17574
17581
17582
17589
17590
17591
17592
17593
17594
17606
17609
17611
17615
17616
17624
17625
17634
17635
17636
17638
17644
17645
17649
17655
17657
17659
17667
17668
17677
17679
17680
17681
17683
17689
17691
17700
17706
17710
17716
17723
17725
17738
17751
17753
17758
17760
17762
17767
17772
17781
17792
17797
17810
17811
17813
17814
17815
17823
17824
17826
17827
17831
17833
17834
17835
17837
17842
17850
17852
17854
17857
17861
17868
17870
17873
17882
17885
17888
17891
17896
17898
17903
17904
17905
17909
17910
17917
17921
17923
17925
17934
17937
17939
17940
17941
17945
17947
17960
17966
17969
17971
17977
17980
17982
17984
17987
17992
17996
18006
18013
18019
18020
18026
18028
18032
18034
18038
18041
18042
18047
18054
18055
18057
18061
18063
18065
18067
18068
18069
18070
18077
18083
18085
18089
18091
18095
18103
18110
18113
18122
18124
18127
18134
18139
18140
18148
18150
18151
18153
18156
18157
18158
18168
18170
18174
18176
18185
18187
18205
18221
18223
18229
18237
18238
18246
18247
18257
18267
18270
18271
18274
18276
18282
18284
18285
18286
18288
18290
18293
18300
18302
18308
18310
18313
18319
18322
18323
18327
18331
18335
18337
18338
18339
18342
18343
18347
18351
18353
18355
18361
18366
18367
18369
18380
18381
18382
18383
18384
18390
18391
18392
18394
18397
18399
18402
18404
18414
18418
18419
18420
18435
18440
18442
18444
18445
18446
18453
18454
18456
18459
18471
18475
18478
18487
18489
18491
18497
18498
18499
18503
18509
18511
18512
18513
18514
18526
18527
18528
18534
18537
18539
18546
18547
18548
18549
18550
18551
18564
18566
18568
18569
18571
18572
18575
18578
18590
18591
18596
18607
18608
18609
18612
18618
18625
18627
18631
18634
18635
18641
18645
18656
18657
18660
18662
18672
18677
18681
18683
18685
18694
18696
18697
18700
18701
18704
18715
18720
18721
18722
18723
18725
18728
18732
18736
18738
18739
18740
18741
18743
18745
18746
18752
18755
18756
18758
18759
18760
18761
18762
18763
18773
18775
18777
18782
18783
18785
18787
18791
18793
18805
18807
18808
18809
18814
18820
18829
18830
18831
18834
18852
18853
18857
18865
18867
18868
18873
18874
18906
18910
18917
18920
18925
18927
18929
18931
18938
18940
18942
18954
18956
18959
18964
18965
18976
18980
18984
18985
18986
18989
18990
18995
18996
19000
19001
19010
19017
19018
19022
19025
19029
19032
19035
19037
19041
19044
19045
19052
19054
19055
19062
19068
19069
19073
19075
19080
19089
19091
19092
19094
19099
19102
19107
19110
19112
19114
19117
19122
19133
19137
19144
19145
19146
19148
19159
19162
19167
19175
19187
19189
19190
19192
19198
19200
19202
19206
19215
19217
19218
19220
19221
19223
19224
19225
19226
19234
19244
19250
19252
19259
19262
19264
19268
19280
19281
19282
19288
19299
19300
19306
19308
19310
19311
19313
19315
19318
19321
19322
19323
19332
19334
19335
19336
19340
19344
19348
19351
19355
19363
19369
19370
19371
19374
19376
19378
19381
19384
19386
19387
19390
19392
19395
19396
19397
19399
19406
19408
19410
19411
19412
19413
19415
19416
19418
19419
19425
19426
19430
19432
19433
19434
19435
19436
19437
19439
19443
19444
19449
19455
19458
19467
19482
19501
19505
19507
19518
19529
19540
19544
19563
19568
19570
19583
19586
19587
19590
19595
19607
19622
19641
19645
19647
19658
19669
19680
19684
19703
19708
19710
19723
19726
19727
19730
19735
19741
19742
19743
19752
19754
19755
19756
19760
19764
19768
19771
19775
19783
19789
19790
19791
19794
19796
19798
19801
19804
19806
19807
19810
19812
19815
19816
19817
19819
19826
19828
19830
19831
19832
19833
19835
19836
19838
19839
19845
19846
19850
19852
19853
19854
19855
19856
19857
19859
19863
19864
19869
19875
19878
19887
19889
19890
19892
19898
19900
19902
19906
19915
19917
19918
19920
19921
19923
19924
19925
19926
19934
19944
19950
19952
19959
19962
19964
19968
19980
19981
19982
19988
19999
20000
20006
20008
20010
20011
20013
20015
20018
20021
20024
20025
20032
20034
20035
20042
20048
20049
20053
20055
20060
20069
20071
20072
20074
20079
20082
20087
20090
20092
20094
20097
20102
20113
20117
20124
20125
20126
20128
20139
20142
20147
20155
20166
20170
20177
20180
20185
20187
20189
20191
20198
20200
20202
20214
20216
20219
20224
20225
20236
20240
20244
20245
20246
20249
20250
20255
20256
20260
20261
20270
20277
20278
20282
20285
20289
20292
20295
20297
20300
20301
20302
20303
20313
20315
20317
20322
20323
20325
20327
20331
20333
20345
20347
20348
20349
20354
20360
20369
20370
20371
20374
20392
20393
20397
20405
20407
20408
20413
20414
20445
20447
20451
20454
20455
20461
20465
20476
20477
20480
20482
20492
20497
20501
20503
20505
20514
20516
20517
20520
20521
20524
20535
20540
20541
20542
20543
20545
20548
20552
20556
20558
20559
20560
20561
20563
20565
20566
20572
20575
20576
20578
20579
20587
20589
20591
20597
20598
20599
20603
20609
20611
20612
20613
20614
20626
20627
20628
20634
20637
20639
20646
20647
20648
20649
20650
20651
20664
20666
20668
20669
20671
20672
20675
20678
20690
20691
20696
20707
20708
20709
20712
20718
20722
20723
20727
20731
20733
20735
20741
20746
20747
20749
20760
20761
20762
20763
20764
20770
20771
20772
20774
20777
20779
20782
20784
20794
20798
20799
20800
20815
20820
20822
20824
20825
20826
20833
20834
20836
20839
20851
20855
20858
20865
20881
20883
20889
20897
20898
20906
20907
20917
20927
20930
20931
20934
20936
20942
20944
20945
20946
20948
20950
20953
20960
20962
20968
20970
20973
20979
20982
20983
20987
20991
20995
20997
20998
20999
21001
21003
21005
21007
21008
21009
21010
21017
21023
21025
21029
21031
21035
21043
21050
21053
21062
21064
21067
21074
21079
21080
21088
21090
21091
21093
21096
21097
21098
21108
21110
21114
21116
21125
21127
21141
21143
21145
21154
21157
21159
21160
21161
21165
21167
21180
21186
21189
21191
21197
21200
21202
21204
21207
21212
21216
21226
21233
21239
21240
21246
21248
21252
21254
21258
21261
21262
21267
21274
21275
21277
21281
21292
21297
21310
21311
21313
21314
21315
21323
21324
21326
21327
21331
21333
21334
21335
21337
21342
21350
21352
21354
21357
21361
21368
21370
21373
21382
21385
21388
21391
21396
21398
21403
21404
21405
21409
21410
21417
21424
21425
21429
21435
21437
21439
21447
21448
21457
21459
21460
21461
21463
21469
21471
21480
21486
21490
21496
21503
21505
21518
21531
21533
21538
21540
21542
21547
21552
21560
21561
21562
21567
21571
21577
21581
21582
21583
21590
21594
21595
21604
21609
21614
21618
21620
21627
21634
21641
21642
21649
21650
21651
21652
21653
21654
21666
21669
21671
21675
21676
21684
21685
21694
21695
21696
21698
21709
21711
21713
21726
21727
21730
21732
21733
21740
21742
21744
21752
21754
21760
21764
21769
21770
21774
21776
21777
21778
21779
21785
21796
21797
21798
21799
21801
21804
21806
21809
21811
21827
21838
21843
21853
21855
21860
21864
21878
21889
21892
21894
21896
21902
21906
21912
21925
21931
21933
21941
21946
21949
21952
21960
21962
21969
21970
21971
21972
21978
21983
21985
21988
21989
21993
21999
22002
22011
22015
22016
22022
22023
22025
22027
22029
22031
22032
22034
22037
22040
22049
22050
22057
22059
22069
22073
22092
22097
22098
22100
22102
22106
22114
22118
22123
22125
22131
22133
22135
22136
22137
22138
22146
22147
22151
22153
22159
22165
22193
22195
22199
22201
22202
22204
22206
22209
22211
22213
22215
22216
22217
22218
22219
22220
22224
22226
22228
22232
22240
22244
22246
22251
22252
22254
22258
22260
22273
22280
22282
22284
22289
22295
22296
22302
22303
22308
22310
22312
22314
22316
22318
22321
22324
22325
22326
22327
22329
22330
22335
22337
22339
22344
22346
22347
22349
22353
22355
22364
22366
22372
22376
22388
22389
22394
22398
22402
22403
22404
22408
22410
22411
22413
22415
22420
22422
22424
22431
22433
22438
22446
22448
22452
22454
22456
22459
22475
22477
22479
22481
22489
22497
22499
22504
22507
22508
22509
22510
22512
22514
22518
22519
22520
22521
22522
22523
22525
22555
22558
22564
22568
22570
22578
22582
22584
22586
22592
22594
22597
22601
22612
22617
22624
22625
22626
22627
22629
22631
22639
22644
22668
22669
22670
22673
22675
22678
22681
22682
22685
22688
22690
22691
22692
22693
22702
22706
22708
22712
22714
22718
22720
22722
22726
22728
22729
22734
22739
22743
22744
22745
22746
22748
22749
22760
22762
22775
22777
22782
22788
22790
22793
22794
22795
22796
22797
22804
22805
22806
22813
22815
22818
22835
22836
22839
22840
22844
22850
22854
22856
22860
22862
22866
22871
22874
22876
22881
22891
22892
22893
22895
22896
22897
22898
22902
22904
22905
22909
22910
22911
22912
22913
22915
22919
22920
22925
22926
22930
22938
22939
22948
22950
22964
22965
22969
22970
22971
22973
22986
23000
23011
23016
23018
23019
23025
23027
23029
23040
23042
23060
23062
23063
23072
23073
23075
23081
23083
23086
23088
23090
23094
23095
23096
23097
23102
23107
23113
23118
23127
23129
23135
23136
23137
23138
23142
23143
23145
23146
23147
23153
23162
23171
23174
23182
23186
23189
23190
23192
23193
23195
23205
23207
23209
23210
23215
23217
23219
23223
23232
23245
23248
23250
23256
23260
23263
23264
23265
23267
23272
23273
23280
23293
23297
23304
23306
23308
23317
23318
23319
23322
23326
23343
23352
23357
23359
23361
23365
23370
23374
23375
23376
23377
23378
23390
23400
23407
23409
23410
23416
23418
23422
23424
23425
23427
23431
23437
23440
23441
23443
23448
23453
23462
23466
23468
23469
23470
23471
23472
23473
23477
23478
23480
23481
23482
23483
23485
23490
23495
23499
23500
23502
23508
23509
23510
23520
23521
23524
23530
23533
23534
23535
23536
23537
23540
23544
23553
23558
23567
23569
23571
23585
23586
23596
23598
23602
23606
23613
23615
23627
23628
23633
23643
23645
23653
23658
23661
23666
23667
23668
23670
23683
23685
23690
23693
23698
23700
23701
23702
23707
23711
23715
23719
23721
23722
23728
23729
23734
23736
23740
23746
23748
23753
23755
23759
23761
23770
23771
23773
23776
23777
23778
23785
23787
23793
23801
23810
23814
23815
23816
23819
23820
23821
23825
23827
23830
23836
23838
23843
23853
23871
23872
23874
23878
23882
23884
23888
23890
23899
23905
23907
23913
23925
23937
23939
23941
23945
23948
23950
23965
23970
23972
23973
23974
23980
23985
23987
23993
23996
23998
23999
24000
24001
24002
24003
24008
24009
24014
24021
24028
24030
24034
24039
24042
24047
24053
24058
24061
24062
24063
24068
24070
24072
24074
24075
24081
24083
24099
24100
24102
24103
24107
24116
24117
24120
24122
24123
24127
24129
24130
24131
24133
24145
24146
24151
24156
24158
24159
24166
24168
24170
24171
24172
24176
24177
24178
24182
24184
24185
24187
24189
24191
24196
24197
24212
24217
24223
24227
24229
24230
24233
24235
24236
24237
24241
24245
24247
24249
24250
24253
24267
24273
24275
24276
24277
24278
24281
24282
24284
24286
24289
24301
24304
24308
24313
24320
24325
24327
24331
24334
24344
24347
24349
24350
24352
24367
24381
24382
24383
24387
24393
24395
24396
24397
24399
24400
24401
24402
24404
24415
24426
24429
24433
24434
24435
24436
24438
24450
24451
24455
24456
24458
24465
24474
24487
24495
24496
24498
24501
24502
24503
24504
24507
24509
24512
24514
24525
24527
24549
24550
24551
24552
24555
24559
24563
24566
24572
24576
24578
24580
24590
24598
24602
24607
24610
24617
24618
24620
24621
24622
24623
24632
24633
24649
24652
24658
24659
24662
24665
24669
24671
24673
24674
24675
24677
24678
24681
24684
24685
24686
24687
24689
24694
24695
24701
24706
24708
24710
24716
24724
24735
24742
24745
24752
24754
24766
24767
24768
24775
24780
24781
24787
24796
24802
24807
24809
24837
24852
24858
24859
24861
24864
24866
24867
24870
24871
24872
24875
24877
24878
24879
24880
24882
24897
24903
24911
24915
24917
24918
24924
24927
24929
24933
24934
24940
24945
24949
24960
24968
24981
24982
24983
24985
24986
24987
24988
24990
24993
25004
25022
25024
25025
25026
25028
25029
25031
25032
25033
25034
25035
25039
25041
25043
25045
25047
25052
25053
25060
25061
25077
25078
25080
25085
25087
25088
25089
25093
25094
25095
25096
25097
25098
25100
25101
25102
25103
25104
25108
25111
25112
25114
25116
25118
25119
25134
25135
25136
25138
25142
25147
25151
25158
25162
25179
25181
25183
25195
25196
25198
25203
25205
25206
25207
25208
25210
25214
25223
25231
25254
25261
25262
25269
25271
25272
25278
25280
25283
25291
25293
25294
25296
25300
25304
25312
25314
25316
25317
25319
25326
25333
25338
25341
25359
25360
25361
25363
25366
25369
25371
25376
25377
25378
25381
25385
25387
25388
25389
25391
25392
25394
25409
25416
25425
25426
25429
25434
25436
25440
25444
25459
25464
25468
25471
25476
25481
25485
25489
25491
25492
25494
25495
25496
25497
25503
25525
25536
25537
25538
25539
25540
25541
25543
25545
25546
25547
25552
25554
25556
25558
25561
25563
25578
25580
25587
25588
25589
25591
25592
25594
25595
25596
25601
25613
25614
25615
25621
25623
25625
25627
25629
25633
25640
25643
25648
25656
25659
25662
25663
25667
25672
25675
25683
25689
25690
25705
25709
25715
25716
25718
25720
25725
25731
25738
25739
25741
25743
25745
25747
25758
25761
25765
25775
25780
25785
25786
25787
25788
25789
25791
25796
25810
25812
25817
25819
25823
25827
25833
25834
25835
25837
25839
25842
25852
25860
25865
25870
25887
25892
25896
25898
25901
25907
25908
25912
25918
25931
25933
25934
25939
25944
25946
25952
25954
25959
25963
25967
25970
25982
25984
25985
26002
26007
26008
26012
26014
26015
26016
26017
26018
26022
26023
26028
26030
26034
26038
26041
26044
26050
26054
26056
26058
26062
26063
26068
26071
26077
26080
26084
26086
26088
26090
26092
26094
26097
26105
26107
26116
26118
26119
26127
26128
26129
26133
26137
26138
26141
26143
26145
26146
26150
26159
26160
26165
26166
26168
26186
26187
26190
26194
26198
26205
26206
26207
26211
26213
26217
26222
26224
26240
26242
26247
26249
26250
26251
26253
26254
26261
26262
26263
26270
26271
26275
26281
26288
26292
26293
26294
26295
26296
26297
26298
26302
26313
26314
26315
26319
26324
26330
26341
26349
26353
26367
26369
26370
26372
26374
26377
26378
26384
26385
26397
26399
26406
26408
26415
26419
26421
26425
26426
26427
26428
26444
26446
26448
26450
26451
26457
26461
26462
26463
26466
26467
26469
26475
26476
26477
26478
26481
26484
26491
26495
26497
26502
26503
26504
26505
26507
26521
26530
26532
26533
26534
26543
26559
26561
26563
26571
26572
26575
26579
26581
26605
26607
26609
26621
26624
26626
26635
26637
26639
26640
26649
26651
26653
26656
26658
26661
26663
26665
26676
26680
26683
26686
26690
26692
26693
26694
26696
26701
26703
26705
26709
26715
26721
26723
26725
26729
26734
26735
26736
26737
26740
26741
26747
26752
26753
26754
26758
26764
26770
26771
26782
26786
26789
26796
26799
26801
26803
26805
26807
26809
26813
26817
26823
26826
26828
26836
26855
26867
26881
26883
26885
26888
26890
26906
26908
26914
26915
26916
26917
26920
26924
26929
26931
26932
26933
26939
26943
26945
26946
26947
26952
26966
26968
26970
26971
26972
26979
26985
26988
26991
26998
27000
27002
27005
27011
27012
27016
27017
27019
27021
27033
27035
27036
27037
27040
27041
27042
27046
27048
27052
27067
27069
27076
27079
27081
27085
27097
27100
27103
27104
27106
27114
27115
27116
27121
27123
27125
27128
27134
27140
27142
27158
27160
27166
27168
27173
27186
27188
27190
27195
27199
27201
27203
27204
27205
27209
27212
27216
27220
27225
27227
27229
27230
27231
27232
27237
27250
27252
27258
27261
27270
27271
27272
27277
27280
27282
27288
27289
27291
27292
27296
27302
27308
27310
27318
27319
27321
27324
27330
27332
27335
27339
27347
27349
27354
27360
27363
27368
27375
27376
27379
27384
27385
27387
27388
27389
27392
27396
27404
27405
27414
27417
27420
27425
27434
27436
27441
27445
27452
27454
27455
27456
27467
27468
27470
27472
27477
27479
27482
27489
27491
27493
27496
27509
27521
27530
27537
27540
27541
27542
27547
27550
27552
27554
27557
27562
27567
27577
27578
27583
27587
27600
27603
27610
27619
27626
27634
27640
27641
27642
27644
27647
27652
27654
27656
27661
27668
27670
27678
27699
27700
27705
27708
27709
27710
27712
27713
27716
27721
27730
27734
27735
27738
27743
27748
27755
27759
27761
27768
27774
27775
27790
27792
27798
27812
27814
27816
27822
27825
27826
27828
27836
27843
27845
27856
27860
27861
27862
27863
27864
27867
27868
27870
27872
27880
27883
27886
27888
27891
27895
27903
27909
27911
27918
27919
27920
27921
27922
27923
27924
27925
27934
27938
27940
27941
27943
27944
27948
27950
27952
27954
27956
27958
27959
27968
27971
27972
27974
27976
27978
27981
27989
27991
27993
27999
28010
28014
28016
28020
28033
28035
28038
28041
28043
28047
28067
28069
28070
28071
28086
28088
28094
28099
28101
28102
28103
28104
28105
28106
28116
28121
28124
28129
28133
28135
28136
28137
28138
28142
28144
28146
28149
28150
28152
28156
28158
28160
28162
28163
28164
28165
28167
28168
28169
28178
28187
28192
28193
28195
28197
28200
28204
28214
28215
28220
28226
28230
28248
28251
28253
28258
28267
28269
28273
28282
28284
28296
28309
28312
28314
28315
28318
28325
28328
28335
28337
28350
28352
28358
28360
28363
28372
28376
28377
28378
28382
28383
28386
28393
28394
28395
28398
28403
28404
28405
28412
28417
28422
28424
28427
28433
28436
28442
28443
28444
28445
28460
28461
28463
28468
28469
28472
28475
28480
28482
28483
28485
28486
28488
28490
28492
28495
28496
28497
28498
28506
28508
28514
28526
28527
28528
28529
28530
28531
28535
28539
28541
28548
28552
28559
28560
28562
28564
28569
28573
28579
28580
28588
28593
28594
28605
28606
28610
28612
28615
28617
28618
28620
28640
28641
28642
28643
28644
28646
28648
28650
28656
28659
28664
28677
28679
28683
28684
28688
28691
28693
28694
28696
28697
28700
28704
28707
28709
28711
28714
28717
28722
28726
28730
28731
28740
28742
28748
28752
28760
28762
28763
28764
28768
28772
28778
28786
28807
28809
28810
28815
28817
28826
28828
28831
28839
28840
28844
28864
28875
28876
28878
28882
28884
28886
28894
28895
28896
28906
28908
28910
28914
28915
28918
28924
28926
28930
28936
28938
28939
28941
28942
28943
28947
28952
28953
28968
28969
28971
28976
28980
28981
28982
28988
28989
28991
28993
28994
28995
29002
29006
29008
29012
29013
29022
29024
29029
29031
29034
29038
29039
29040
29041
29043
29044
29046
29052
29058
29060
29061
29062
29076
29081
29085
29087
29099
29100
29101
29103
29104
29105
29114
29115
29118
29124
29125
29126
29131
29137
29138
29139
29140
29144
29148
29160
29164
29166
29167
29176
29177
29186
29192
29194
29195
29196
29198
29206
29207
29208
29210
29211
29212
29213
29214
29218
29225
29235
29236
29237
29250
29251
29252
29258
29262
29271
29282
29284
29291
29294
29296
29300
29302
29304
29309
29311
29320
29322
29324
29326
29328
29329
29330
29343
29344
29358
29362
29367
29368
29370
29371
29372
29373
29379
29380
29382
29384
29387
29398
29400
29402
29410
29416
29418
29420
29422
29424
29429
29431
29436
29438
29440
29447
29451
29453
29455
29456
29457
29458
29460
29464
29473
29476
29478
29480
29481
29487
29491
29496
29498
29502
29506
29515
29516
29518
29524
29525
29534
29536
29544
29546
29548
29550
29551
29552
29553
29558
29562
29566
29567
29569
29571
29576
29583
29587
29591
29593
29604
29606
29607
29610
29613
29618
29624
29631
29633
29634
29644
29647
29648
29658
29669
29670
29675
29678
29688
29692
29694
29702
29706
29711
29716
29720
29728
29731
29735
29740
29741
29744
29755
29766
29767
29768
29777
29794
29800
29801
29803
29804
29805
29806
29807
29810
29813
29818
29820
29821
29823
29825
29828
29832
29835
29838
29842
29845
29848
29852
29860
29866
29868
29873
29879
29886
29891
29901
29903
29912
29915
29917
29921
29923
29924
29929
29932
29934
29936
29938
29951
29956
29958
29961
29968
29978
29980
29982
29990
29996
29998
30002
30004
30006
30008
30014
30024
30028
30031
30041
30043
30045
30047
30049
30050
30052
30061
30067
30074
30076
30080
30082
30092
30094
30098
30104
30105
30106
30110
30111
30112
30113
30116
30132
30134
30135
30142
30152
30154
30157
30160
30174
30175
30176
30177
30178
30179
30183
30194
30197
30199
30204
30205
30208
30210
30212
30222
30228
30234
30236
30238
30240
30242
30254
30259
30264
30266
30267
30268
30269
30272
30277
30284
30287
30289
30290
30297
30305
30310
30323
30330
30331
30332
30339
30341
30342
30345
30350
30355
30359
30360
30362
30366
30368
30371
30374
30376
30378
30382
30386
30387
30389
30390
30391
30396
30399
30402
30412
30414
30415
30420
30427
30432
30437
30439
30442
30447
30450
30455
30456
30465
30468
30474
30479
30485
30488
30490
30493
30502
30506
30518
30544
30547
30549
30565
30567
30569
30571
30584
30587
30593
30598
30601
30602
30603
30608
30612
30614
30616
30617
30619
30621
30623
30625
30630
30637
30639
30648
30649
30650
30653
30662
30666
30672
30673
30675
30676
30678
30684
30685
30693
30695
30696
30697
30699
30701
30707
30709
30713
30716
30719
30720
30721
30730
30731
30735
30736
30738
30744
30748
30754
30761
30763
30768
30771
30773
30775
30780
30781
30783
30786
30793
30798
30804
30808
30823
30830
30844
30849
30851
30873
30878
30881
30891
30892
30894
30897
30898
30906
30908
30915
30917
30931
30933
30940
30946
30948
30951
30952
30956
30957
30958
30959
30965
30966
30968
30970
30974
30976
30982
30986
30995
30997
30999
31002
31003
31007
31009
31011
31013
31015
31018
31021
31027
31040
31041
31050
31062
31064
31067
31068
31069
31075
31076
31078
31082
31101
31102
31103
31111
31118
31119
31120
31124
31128
31133
31145
31147
31149
31153
31161
31163
31167
31170
31171
31173
31178
31184
31193
31196
31213
31218
31221
31222
31227
31229
31235
31238
31245
31248
31249
31256
31257
31262
31268
31277
31278
31280
31281
31283
31287
31301
31305
31306
31307
31315
31316
31318
31321
31324
31326
31329
31331
31338
31341
31343
31344
31349
31351
31358
31369
31371
31372
31378
31380
31385
31392
31394
31399
31400
31402
31406
31410
31414
31415
31423
31433
31436
31437
31438
31439
31450
31452
31471
31475
31476
31486
31487
31496
31501
31503
31504
31505
31506
31509
31514
31518
31520
31522
31525
31527
31530
31534
31542
31547
31552
31558
31560
31563
31565
31566
31568
31570
31581
31582
31584
31588
31597
31605
31607
31613
31619
31620
31623
31624
31629
31630
31634
31636
31638
31641
31651
31652
31654
31656
31665
31670
31680
31682
31692
31694
31708
31713
31714
31716
31718
31719
31724
31730
31731
31733
31734
31735
31739
31740
31741
31745
31747
31756
31757
31778
31781
31785
31788
31789
31794
31801
31805
31810
31812
31813
31814
31816
31820
31825
31827
31829
31830
31836
31839
31840
31844
31851
31864
31866
31868
31882
31885
31887
31889
31890
31891
31904
31908
31911
31913
31919
31923
31925
31931
31932
31938
31950
31957
31958
31960
31965
31967
31973
31988
31989
31993
31995
31997
32000
32004
32008
32010
32012
32014
32016
32018
32025
32027
32036
32037
32038
32039
32040
32044
32051
32055
32058
32063
32065
32069
32074
32078
32080
32081
32082
32084
32087
32090
32092
32094
32107
32118
32122
32123
32125
32126
32133
32140
32152
32154
32160
32162
32167
32169
32170
32172
32173
32174
32182
32187
32189
32190
32193
32195
32201
32202
32205
32207
32212
32214
32216
32224
32230
32232
32234
32239
32244
32250
32251
32252
32256
32257
32269
32271
32275
32276
32286
32288
32289
32290
32296
32298
32304
32318
32321
32324
32335
32337
32339
32349
32350
32354
32357
32360
32368
32376
32382
32384
32386
32387
32388
32393
32395
32399
32400
32402
32403
32405
32406
32407
32418
32421
32423
32424
32426
32439
32440
32448
32462
32464
32469
32470
32471
32502
32503
32505
32510
32514
32515
32516
32518
32530
32534
32537
32546
32548
32550
32553
32558
32568
32570
32571
32572
32574
32575
32582
32584
32592
32594
32596
32597
32598
32600
32615
32621
32624
32628
32630
32632
32639
32640
32645
32650
32652
32654
32660
32662
32667
32670
32673
32681
32682
32685
32688
32693
32696
32700
32702
32704
32705
32706
32708
32718
32724
32726
32734
32740
32746
32750
32751
32754
32757
32766
32770
32774
32776
32782
32785
32787
32788
32790
32798
32804
32815
32817
32818
32828
32831
32833
32840
32842
32848
32853
32858
32860
32862
32864
32869
32871
32872
32882
32884
32888
32889
32893
32894
32903
32908
32910
32912
32920
32935
32940
32942
32945
32950
32952
32953
32962
32964
32965
32973
32975
32988
32996
32998
33000
33011
33017
33038
33040
33043
33045
33048
33052
33054
33056
33066
33070
33073
33075
33077
33087
33095
33100
33102
33108
33115
33117
33118
33121
33123
33124
33126
33128
33130
33131
33132
33134
33144
33145
33148
33155
33159
33166
33168
33169
33171
33177
33181
33183
33188
33190
33196
33198
33201
33204
33208
33210
33213
33221
33226
33230
33232
33235
33237
33240
33242
33244
33248
33251
33252
33253
33268
33280
33282
33291
33292
33295
33299
33301
33302
33304
33311
33315
33319
33323
33325
33333
33338
33351
33355
33358
33361
33363
33370
33372
33386
33395
33400
33402
33403
33406
33410
33414
33417
33418
33420
33422
33424
33427
33428
33437
33439
33441
33445
33446
33447
33448
33451
33453
33455
33457
33467
33468
33470
33471
33475
33476
33477
33481
33482
33483
33485
33488
33493
33495
33498
33505
33516
33524
33526
33530
33533
33534
33535
33552
33564
33570
33572
33575
33591
33619
33630
33635
33637
33638
33640
33641
33643
33649
33650
33651
33652
33654
33656
33660
33662
33666
33668
33669
33675
33677
33679
33680
33683
33687
33688
33689
33690
33692
33698
33704
33707
33708
33710
33715
33720
33723
33724
33725
33727
33733
33736
33741
33742
33744
33751
33752
33753
33755
33757
33762
33764
33765
33767
33772
33786
33787
33788
33796
33798
33799
33802
33811
33813
33817
33821
33826
33831
33832
33838
33841
33844
33857
33874
33876
33878
33886
33887
33902
33907
33909
33910
33914
33918
33924
33930
33932
33942
33947
33949
33953
33957
33959
33960
33961
33963
33964
33965
33968
33974
33976
33978
33983
33984
33986
33988
33999
34001
34004
34006
34008
34010
34013
34016
34018
34020
34021
34022
34029
34032
34033
34035
34037
34040
34042
34044
34056
34058
34060
34061
34062
34070
34072
34079
34082
34093
34108
34112
34114
34118
34120
34121
34126
34129
34131
34132
34133
34134
34155
34158
34165
34167
34172
34175
34180
34184
34190
34192
34207
34215
34217
34226
34228
34229
34230
34238
34240
34242
34244
34245
34246
34248
34252
34263
34265
34266
34271
34279
34281
34289
34293
34296
34298
34301
34318
34320
34322
34327
34328
34332
34335
34337
34339
34341
34342
34343
34344
34345
34347
34349
34351
34357
34361
34363
34366
34372
34374
34375
34378
34394
34396
34397
34399
34408
34409
34414
34417
34419
34421
34423
34424
34426
34427
34429
34438
34441
34445
34448
34450
34451
34455
34456
34457
34458
34470
34472
34475
34477
34479
34499
34501
34503
34523
34525
34527
34528
34529
34532
34534
34539
34541
34542
34545
34546
34552
34559
34575
34576
34588
34593
34600
34601
34604
34606
34615
34619
34623
34627
34629
34630
34633
34635
34641
34643
34645
34646
34650
34651
34654
34657
34658
34661
34672
34674
34679
34690
34695
34696
34703
34707
34709
34711
34718
34722
34723
34724
34729
34730
34731
34735
34742
34744
34748
34749
34750
34757
34761
34765
34767
34772
34775
34778
34783
34794
34801
34804
34822
34828
34841
34843
34847
34855
34858
34877
34880
34886
34892
34893
34895
34899
34901
34907
34918
34928
34929
34930
34931
34938
34942
34944
34947
34948
34950
34953
34955
34957
34960
34965
34968
34976
34985
34990
34992
34995
34998
35001
35002
35008
35010
35015
35023
35027
35029
35031
35039
35041
35045
35047
35051
35052
35054
35056
35058
35060
35073
35075
35078
35082
35087
35095
35097
35103
35110
35112
35114
35119
35120
35123
35125
35126
35128
35135
35138
35144
35150
35153
35157
35160
35161
35165
35171
35172
35177
35183
35203
35205
35209
35215
35220
35229
35231
35233
35248
35250
35254
35257
35263
35265
35270
35271
35272
35278
35281
35284
35286
35288
35296
35308
35315
35321
35328
35337
35341
35347
35355
35360
35363
35364
35365
35366
35367
35371
35375
35376
35377
35378
35379
35390
35397
35399
35400
35405
35423
35424
35428
35430
35431
35432
35433
35435
35443
35450
35453
35456
35457
35458
35459
35466
35468
35470
35472
35473
35484
35495
35499
35501
35521
35522
35523
35524
35525
35527
35528
35537
35542
35545
35554
35555
35556
35568
35580
35585
35587
35602
35604
35615
35616
35620
35621
35622
35624
35627
35629
35631
35639
35641
35642
35643
35651
35652
35653
35655
35658
35659
35670
35673
35674
35675
35677
35679
35680
35687
35689
35691
35698
35710
35712
35713
35716
35718
35722
35727
35729
35736
35739
35742
35746
35747
35764
35769
35771
35773
35774
35776
35788
35789
35795
35801
35804
35808
35810
35833
35834
35836
35839
35841
35842
35843
35844
35848
35860
35864
35867
35871
35879
35882
35890
35892
35898
35902
35906
35909
35916
35918
35920
35922
35923
35926
35932
35941
35944
35945
35948
35951
35952
35957
35958
35962
35963
35964
35965
35968
35969
35970
35971
35985
35986
35988
35990
35991
35993
35996
35997
35998
36004
36007
36014
36022
36024
36034
36035
36040
36042
36044
36049
36051
36059
36060
36066
36068
36069
36078
36079
36080
36095
36097
36100
36113
36114
36115
36118
36122
36124
36128
36133
36141
36147
36149
36150
36152
36156
36158
36159
36162
36166
36167
36168
36169
36170
36171
36178
36182
36185
36189
36195
36203
36204
36205
36206
36211
36213
36215
36216
36217
36218
36222
36223
36228
36231
36237
36243
36245
36248
36258
36270
36277
36278
36283
36284
36292
36294
36312
36318
36332
36335
36341
36346
36351
36358
36366
36371
36374
36376
36378
36379
36383
36388
36390
36393
36394
36398
36402
36405
36406
36407
36408
36410
36413
36415
36417
36418
36420
36428
36429
36430
36431
36432
36434
36444
36446
36447
36462
36463
36465
36466
36467
36468
36472
36475
36483
36484
36486
36493
36494
36495
36508
36511
36517
36523
36528
36530
36538
36542
36550
36553
36562
36563
36564
36566
36568
36570
36577
36580
36581
36584
36593
36594
36596
36599
36610
36617
36618
36620
36624
36626
36631
36637
36639
36640
36645
36648
36650
36655
36658
36661
36663
36668
36672
36674
36676
36678
36682
36684
36685
36687
36690
36727
36728
36729
36730
36736
36743
36744
36745
36750
36764
36766
36769
36773
36775
36782
36783
36803
36812
36822
36833
36834
36836
36840
36844
36847
36858
36860
36861
36863
36872
36876
36887
36888
36892
36893
36894
36898
36902
36913
36915
36917
36918
36920
36933
36934
36935
36936
36938
36939
36949
36950
36952
36962
36967
36970
36971
36984
36989
36993
36994
37007
37011
37016
37018
37019
37020
37021
37030
37044
37045
37049
37063
37064
37065
37071
37081
37083
37086
37087
37095
37096
37097
37098
37117
37119
37120
37121
37122
37124
37129
37137
37138
37140
37147
37149
37151
37163
37164
37166
37171
37173
37177
37179
37181
37182
37187
37189
37191
37192
37193
37196
37198
37207
37208
37209
37214
37215
37216
37217
37218
37220
37223
37228
37230
37232
37233
37244
37245
37248
37250
37254
37266
37272
37273
37275
37284
37287
37289
37294
37295
37297
37306
37315
37317
37319
37324
37325
37340
37343
37350
37352
37360
37363
37366
37376
37377
37378
37379
37381
37382
37388
37396
37397
37398
37400
37401
37402
37404
37409
37410
37417
37419
37424
37431
37439
37443
37446
37448
37450
37452
37453
37457
37459
37462
37467
37468
37469
37470
37471
37473
37475
37476
37480
37483
37485
37492
37494
37496
37498
37506
37508
37511
37525
37526
37530
37531
37533
37534
37545
37546
37552
37553
37554
37557
37561
37564
37573
37576
37588
37590
37595
37597
37613
37620
37642
37651
37663
37678
37682
37684
37688
37697
37701
37708
37714
37716
37718
37722
37725
37730
37732
37737
37739
37740
37741
37743
37745
37750
37751
37753
37757
37758
37760
37763
37764
37765
37766
37770
37773
37780
37782
37784
37787
37789
37792
37793
37796
37803
37804
37805
37808
37810
37813
37819
37820
37822
37825
37826
37831
37832
37843
37844
37845
37848
37856
37858
37860
37867
37868
37870
37872
37874
37908
37917
37918
37920
37927
37936
37938
37939
37946
37956
37958
37962
37966
37969
37974
37978
37980
37981
37988
37992
37998
38003
38014
38017
38019
38020
38023
38030
38034
38035
38042
38053
38060
38063
38065
38067
38073
38083
38084
38091
38092
38094
38096
38100
38107
38114
38116
38118
38124
38126
38128
38140
38141
38143
38148
38151
38152
38156
38165
38166
38172
38179
38184
38185
38186
38190
38191
38198
38200
38203
38207
38211
38217
38219
38222
38229
38236
38242
38243
38244
38245
38246
38256
38261
38264
38268
38272
38273
38274
38277
38278
38286
38299
38301
38302
38309
38312
38316
38319
38321
38322
38335
38336
38340
38349
38354
38359
38360
38362
38365
38367
38369
38374
38376
38378
38390
38391
38393
38396
38399
38408
38420
38424
38429
38430
38434
38439
38444
38446
38447
38469
38470
38472
38480
38483
38486
38496
38511
38512
38514
38516
38520
38521
38522
38524
38527
38528
38542
38543
38544
38546
38551
38553
38555
38556
38562
38566
38567
38568
38576
38581
38584
38589
38590
38591
38592
38593
38594
38595
38598
38599
38601
38602
38607
38616
38617
38620
38623
38628
38633
38642
38644
38647
38654
38670
38676
38686
38689
38693
38699
38711
38713
38714
38716
38721
38745
38750
38751
38753
38754
38763
38765
38766
38770
38776
38778
38779
38782
38789
38790
38791
38799
38800
38803
38805
38807
38808
38809
38811
38812
38813
38814
38818
38821
38822
38823
38829
38831
38833
38835
38837
38839
38841
38842
38846
38851
38863
38866
38875
38876
38878
38879
38880
38881
38882
38887
38888
38894
38897
38898
38901
38910
38912
38913
38914
38916
38920
38922
38924
38925
38934
38936
38943
38945
38957
38965
38967
38979
38984
38986
38991
38993
38994
38996
38997
38999
39000
39001
39002
39006
39009
39010
39012
39013
39024
39025
39029
39030
39034
39043
39045
39046
39047
39048
39050
39056
39058
39062
39067
39069
39072
39075
39079
39081
39085
39088
39108
39110
39114
39119
39131
39147
39157
39160
39167
39177
39190
