142
163
177
206
211
230
232
233
276
289
312
329
331
335
342
491
543
546
574
580
581
582
584
587
622
650
651
653
702
709
748
784
826
836
888
892
893
922
929
996
1018
1024
1028
1043
1056
1072
1085
1090
1138
1142
1146
1154
1158
1160
1161
1168
1199
1240
1264
1268
1291
1292
1308
1327
1328
1330
1377
1428
1456
1472
1477
1480
1481
1493
1503
1510
1513
1520
1527
1536
1545
1551
1573
1574
1581
1633
1697
1700
1701
1704
1710
1724
1739
1752
1757
1767
1773
1808
1825
1828
1852
1874
1877
1886
1904
1956
1957
1958
1989
2052
2069
2074
2076
2077
2080
2111
2129
2151
2161
2170
2184
2185
2203
2211
2223
2254
2256
2260
2278
2307
2314
2322
2369
2370
2382
2427
2428
2436
2450
2483
2512
2522
2598
2617
2619
2628
2630
2635
2638
2648
2688
2690
2692
2723
2727
2824
2872
2914
2928
2942
2961
2970
2978
2986
2987
3025
3033
3038
3078
3090
3093
3096
3097
3107
3114
3160
3218
3224
3259
3262
3270
3298
3325
3343
3345
3370
3429
3431
3433
3434
3449
3468
3493
3494
3560
3564
3567
3569
3579
3582
3591
3595
3598
3599
3614
3620
3663
3673
3678
3690
3743
3762
3781
3828
3864
3865
3866
3897
3941
3951
4051
4052
4058
4099
4105
4142
4155
4170
4220
4268
4269
4278
4282
4300
4305
4338
4342
4343
4344
4349
4392
4414
4421
4500
4504
4515
4530
4579
4590
4595
4596
4607
4611
4628
4635
4636
4657
4683
4719
4722
4725
4726
4797
4801
4802
4817
4821
4826
4868
4869
4877
4898
4905
4947
4982
4992
5003
5042
5049
5055
5057
5060
5080
5149
5154
5178
5207
5209
5224
5242
5253
5344
5345
5352
5378
5495
5528
5540
5564
5567
5568
5585
5607
5608
5611
5615
5645
5675
5712
5743
5775
5781
5790
5859
5873
5877
5883
5898
5901
5904
5908
5951
6032
6055
6095
6124
6128
6139
6222
6225
6256
6258
6322
6325
6328
6344
6358
6404
6434
6441
6474
6490
6554
6560
6602
6603
6605
6630
6658
6670
6694
6730
6734
6764
6766
6767
6780
6783
6804
6828
6876
6884
6910
6911
6929
6950
7020
7027
7100
7109
7113
7129
7130
7143
7234
7236
7257
7258
7259
7260
7310
7313
7325
7327
7329
7339
7344
7351
7431
7432
7434
7436
7488
7494
7498
7499
7510
7511
7514
7566
7574
7578
7582
7618
7623
7625
7673
7679
7680
7684
7689
7690
7732
7754
7755
7816
7847
7882
7898
7921
7935
7941
7946
7958
7963
7969
8003
8011
8028
8045
8049
8137
8177
8179
8182
8183
8187
8189
8242
8247
8264
8351
8352
8354
8366
8368
8415
8416
8433
8449
8476
8508
8511
8523
8526
8585
8587
8621
8637
8645
8668
8669
8686
8687
8689
8690
8691
8712
8715
8720
8750
8788
8844
8847
8848
8849
8857
8910
8912
8948
8973
8995
9017
9034
9035
9038
9039
9043
9057
9065
9068
9070
9072
9118
9120
9138
9142
9181
9185
9187
9189
9201
9220
9241
9245
9248
9286
9288
9293
9332
9371
9444
9494
9506
9513
9528
9556
9571
9584
9586
9587
9604
9611
9613
9614
9662
9670
9678
9716
9717
9720
9733
9736
9738
9740
9766
9778
9836
9842
9911
9912
9920
9938
9944
9980
9997
10034
10038
10094
10129
10140
10141
10143
10146
10158
10160
10161
10162
10185
10187
10203
10214
10218
10224
10295
10298
10306
10327
10332
10348
10349
10364
10400
10402
10469
10502
10519
10528
10534
10546
10550
10555
10596
10604
10642
10664
10688
10692
10703
10710
10712
10716
10726
10728
10734
10749
10755
10782
10815
10828
10850
10876
10882
10905
10912
10922
10929
10932
10940
10943
10944
10947
11049
11076
11095
11098
11146
11154
11159
11193
11202
11208
11223
11228
11231
11243
11258
11262
11274
11278
11410
11418
11442
11448
11500
11519
11561
11600
11605
11609
11632
11647
11648
11650
11652
11657
11669
11673
11689
11784
11792
11807
11823
11835
11836
11849
11852
11865
11877
11880
11908
11913
11971
11998
12010
12011
12012
12061
12087
12120
12162
12183
12185
12188
12190
12206
12208
12215
12224
12229
12231
12312
12333
12495
12499
12500
12523
12543
12546
12550
12552
12554
12565
12583
12589
12596
12597
12609
12616
12624
12637
12644
12645
12661
12699
12701
12761
12787
12789
12804
12841
12894
12911
12940
12947
12950
12951
12953
12962
12970
12971
12993
12997
13014
13015
13021
13030
13074
13107
13108
13121
13125
13130
13148
13199
13204
13274
13278
13325
13327
13328
13350
13436
13443
13503
13545
13581
13585
13638
13639
13643
13645
13646
13661
13687
13746
13768
13771
13772
13805
13874
13929
13931
13932
13953
13972
13974
13993
13998
14025
14028
14036
14037
14048
14056
14123
14201
14206
14244
14246
14248
14249
14251
14253
14255
14261
14296
14302
14309
14358
14367
14370
14371
14377
14415
14429
14449
14451
14453
14454
14486
14532
14546
14547
14548
14574
14609
14662
14670
14677
14680
14681
14692
14722
14735
14739
14740
14741
14742
14744
14766
14769
14790
14847
14849
14855
14869
14893
14897
14901
14902
14906
14909
14970
14983
15029
15046
15056
15076
15084
15085
15087
15089
15125
15128
15150
15176
15201
15233
15261
15270
15397
15430
15440
15447
15451
15462
15488
15499
15573
15673
15700
15709
15725
15727
15740
15766
15778
15799
15800
15808
15809
15810
15840
15852
15853
15877
15886
15899
15932
15954
15955
15973
15989
16002
16034
16042
16046
16126
16180
16221
16226
16228
16230
16255
16256
16274
16280
16291
16311
16312
16315
16330
16346
16350
16388
16390
16391
16406
16414
16426
16434
16439
16488
16493
16494
16513
16515
16518
16544
16558
16562
16564
16592
16604
16605
16606
16607
16609
16611
16650
16664
16698
16706
16781
16822
16852
16875
16879
16906
16951
16955
16979
17026
17029
17031
17033
17035
17037
17038
17048
17060
17064
17083
17088
17089
17111
17122
17123
17125
17127
17131
17132
17134
17192
17198
17200
17282
17332
17373
17390
17392
17434
17437
17456
17457
17458
17501
17507
17549
17592
17609
17645
17649
17677
17680
17683
17689
17758
17762
17781
17792
17810
17811
17813
17882
17917
17923
17937
17947
17960
17969
17980
17982
17984
18006
18038
18055
18077
18113
18124
18139
18158
18174
18176
18187
18229
18257
18267
18313
18335
18338
18351
18361
18391
18399
18404
18418
18419
18444
18453
18513
18526
18549
18550
18571
18578
18627
18656
18657
18660
18672
18694
18738
18743
18761
18793
18829
18867
18917
18929
18954
18956
18980
18984
18989
19000
19001
19017
19018
19022
19035
19073
19089
19099
19102
19133
19146
19202
19223
19224
19244
19250
19264
19268
19288
19306
19310
19311
19313
19323
19332
19334
19335
19369
19390
19392
19455
19467
19482
19643
19658
19663
19688
19725
19752
19776
19837
19850
19865
19868
19869
19874
19885
19897
19898
19901
19903
19911
19916
19942
19955
19956
19957
19958
20005
20110
20127
20183
20186
20191
20219
20231
20234
20275
20296
20313
20317
20341
20364
20371
20395
20397
20408
20426
20430
20433
20477
20615
20620
20660
20662
20672
20686
20729
20732
20733
20745
20752
20753
20760
20762
20764
20766
20779
20786
20788
20862
20865
20866
20908
20912
20914
20915
20932
20935
20966
20982
20986
21031
21045
21046
21062
21109
21111
21112
21142
21151
21155
21162
21198
21287
21304
21324
21329
21338
21346
21363
21407
21429
21431
21448
21526
21537
21541
21542
21554
21563
21564
21571
21576
21603
21653
21661
21664
21698
21719
21726
21729
21731
21733
21740
21806
21821
21838
21845
21852
21862
21883
21889
21900
21918
21926
21961
21992
21994
22028
22086
22091
22106
22107
22108
22109
22142
22144
22180
22204
22210
22241
22318
22404
22416
22428
22430
22446
22450
22465
22479
22512
22552
22582
22665
22668
22673
22692
22720
22749
22754
22797
22800
22817
22838
22846
22877
22898
22900
22901
22917
22945
22949
22980
22996
23002
23009
23010
23023
23038
23049
23050
23073
23098
23106
23145
23153
23192
23201
23204
23208
23248
23253
23308
23327
23355
23357
23417
23430
23480
23485
23506
23522
23568
23592
23607
23620
23638
23668
23672
23674
23675
23684
23689
23697
23738
23751
23755
23760
23762
23763
23772
23789
23790
23791
23792
23795
23819
23865
23883
23888
23906
23924
23925
23945
23968
24009
24032
24061
24082
24089
24113
24118
24129
24132
24142
24143
24146
24163
24193
24204
24222
24225
24262
24263
24299
24323
24328
24339
24352
24356
24368
24371
24415
24435
24463
24477
24527
24532
24539
24560
24564
24579
24580
24584
24585
24589
24590
24603
24638
24687
24692
24707
24710
24747
24773
24811
24813
24814
24840
24863
24870
24873
24906
24913
24941
24946
24961
24997
24999
25039
25072
25081
25086
25094
25115
25154
25156
25236
25239
25255
25262
25305
25308
25316
25328
25342
25348
25356
25358
25419
25466
25482
25484
25536
25544
25598
25615
25699
25705
25710
25769
25779
25782
25785
25794
25805
25817
25819
25830
25831
25845
25847
25850
25852
25897
25929
25940
25990
25997
26022
26044
26059
26088
26115
26134
26154
26158
26193
26195
26197
26201
26232
26249
26264
26270
26271
26278
26286
26288
26302
26325
26326
26377
26387
26394
26397
26418
26452
26512
26521
26540
26543
26544
26547
26551
26564
26567
26582
26585
26586
26588
26594
26596
26639
26641
26642
26644
26646
26647
26649
26663
26693
26752
26755
26789
26823
26838
26840
26852
26855
26856
26868
26886
26903
26934
26954
26955
26978
26998
26999
27013
27077
27080
27086
27088
27126
27129
27133
27149
27199
27233
27251
27253
27254
27258
27292
27355
27376
27377
27457
27523
27528
27555
27556
27559
27575
27578
27582
27638
27643
27649
27729
27741
27751
27758
27774
27776
27817
27858
27991
28005
28007
28025
28064
28075
28076
28080
28108
28124
28172
28174
28200
28212
28230
28237
28241
28248
28318
28319
28322
28328
28360
28372
28379
28409
28427
28428
28437
28451
28468
28478
28492
28496
28504
28508
28509
28532
28537
28582
28584
28585
28621
28625
28632
28666
28688
28689
28728
28732
28754
28780
28833
28842
28863
28872
28880
28890
28937
28941
28943
28944
28946
28960
28963
28984
28996
29037
29059
29065
29072
29073
29108
29109
29129
29132
29159
29167
29171
29318
29358
29394
29409
29415
29463
29492
29496
29501
29538
29542
29585
29589
29639
29649
29656
29689
29690
29714
29752
29796
29798
29873
29878
29881
29969
29984
30074
30085
30089
30090
30111
30113
30127
30139
30140
30143
30144
30162
30167
30178
30216
30241
30247
30264
30300
30309
30329
30333
30344
30390
30392
30417
30499
30504
30538
30543
30550
30552
30554
30555
30573
30575
30579
30581
30584
30589
30592
30600
30619
30633
30668
30697
30724
30767
30784
30880
30931
30950
30954
30966
30971
30996
30997
30998
30999
31001
31037
31086
31092
31094
31096
31105
31109
31155
31172
31201
31205
31228
31259
31308
31317
31373
31375
31377
31379
31381
31390
31391
31408
31411
31412
31413
31478
31490
31492
31493
31495
31497
31521
31546
31556
31598
31660
31675
31688
31713
31716
31719
31726
31750
31752
31753
31758
31785
31792
31807
31813
31873
31882
31963
31982
31996
32000
32026
32052
32057
32082
32109
32125
32153
32156
32204
32241
32247
32249
32251
32253
32271
32273
32289
32292
32302
32305
32307
32312
32365
32408
32409
32461
32481
32487
32494
32560
32561
32605
32624
32630
32631
32636
32637
32639
32641
32645
32719
32741
32747
32768
32813
32824
32828
32839
32849
32992
33005
33010
33042
33084
33096
33115
33136
33138
33139
33164
33190
33198
33201
33287
33297
33341
33356
33364
33371
33391
33400
33402
33413
33417
33449
33452
33464
33493
33524
33533
33581
33598
33602
33612
33622
33636
33641
33644
33658
33728
33733
33796
33798
33800
33801
33803
33813
33819
33829
33830
33875
33901
33906
33913
33930
34030
34046
34055
34057
34086
34097
34161
34175
34197
34199
34200
34203
34205
34258
34267
34279
34291
34296
34323
34330
34352
34361
34364
34372
34384
34387
34391
34393
34475
34499
34556
34560
34576
34582
34619
34621
34648
34652
34653
34656
34687
34691
34729
34738
34739
34743
34754
34779
34780
34798
34821
34839
34841
34854
34857
34910
34916
34934
34936
34961
34967
35003
35005
35013
35018
35025
35027
35029
35040
35052
35093
35135
35155
35160
35161
35182
35241
35246
35247
35265
35320
35383
35399
35445
35470
35474
35521
35528
35529
35535
35550
35558
35562
35574
35576
35580
35585
35596
35606
35627
35739
35760
35763
35776
35801
35906
35921
35947
35960
35965
35982
36003
36007
36008
36014
36024
36031
36065
36093
36094
36134
36138
36171
36188
36189
36198
36242
36246
36253
36255
36287
36289
36293
36297
36301
36336
36356
36361
36397
36405
36406
36410
36425
36454
36465
36484
36485
36504
36522
36571
36600
36616
36619
36629
36630
36637
36641
36644
36648
36659
36668
36750
36774
36802
36803
36815
36816
36823
36825
36843
36848
36852
36854
36892
36935
36939
36950
36997
37016
37030
37037
37039
37103
37108
37123
37129
37172
37177
37209
37210
37211
37235
37241
37252
37277
37281
37333
37339
37343
37355
37361
37373
37447
37468
37483
37509
37516
37532
37538
37581
37593
37594
37618
37623
37628
37635
37652
37683
37685
37695
37708
37710
37714
37733
37738
37778
37780
37783
37816
37819
37854
37915
37916
37918
37937
37968
37972
38013
38097
38145
38167
38181
38244
38261
38277
38299
38300
38302
38337
38357
38380
38384
38405
38423
38432
38473
38482
38522
38531
38558
38589
38628
38630
38631
38633
38635
38636
38637
38638
38641
38645
38650
38653
38655
38675
38715
38719
38724
38725
38727
38829
38855
38857
38893
38921
38941
38948
38950
38952
38973
38978
38982
38983
38984
38985
38986
38987
38988
38990
38991
38992
38999
39003
39019
39022
39025
39031
39033
39050
