1
3
22
24
27
39
41
51
53
68
73
75
89
91
92
93
103
118
135
137
146
148
150
172
178
188
190
192
194
196
205
208
210
246
260
324
330
332
345
348
354
356
358
359
360
368
389
402
404
406
421
437
438
439
440
441
442
443
444
445
446
453
455
465
478
480
481
486
498
510
512
514
516
518
520
536
552
560
561
563
573
590
592
617
629
635
643
645
679
689
695
697
704
706
738
745
747
749
752
754
763
765
781
783
794
799
801
814
827
859
870
871
872
880
883
885
899
905
918
928
931
933
948
949
961
966
1001
1002
1003
1008
1017
1019
1020
1021
1023
1025
1027
1029
1042
1053
1058
1060
1071
1073
1078
1080
1093
1095
1097
1102
1121
1123
1125
1130
1150
1151
1171
1186
1187
1189
1191
1204
1209
1216
1218
1221
1223
1225
1227
1235
1236
1249
1254
1275
1288
1309
1319
1335
1337
1339
1340
1352
1354
1363
1369
1371
1372
1386
1388
1390
1392
1400
1402
1410
1411
1419
1421
1432
1433
1438
1444
1457
1459
1461
1464
1484
1492
1494
1521
1526
1535
1537
1559
1560
1561
1567
1578
1580
1587
1599
1602
1614
1620
1625
1626
1632
1634
1639
1658
1661
1663
1665
1673
1675
1685
1690
1691
1692
1703
1705
1718
1720
1733
1735
1736
1742
1745
1747
1772
1777
1799
1807
1813
1815
1816
1817
1821
1849
1876
1878
1880
1881
1894
1915
1922
1924
1926
1931
1933
1935
1936
1937
1942
1950
1952
1962
1965
1968
1970
1971
1972
1988
1990
1992
2004
2014
2027
2034
2036
2038
2044
2046
2048
2063
2070
2071
2079
2082
2084
2113
2114
2115
2116
2117
2118
2120
2123
2137
2138
2139
2155
2163
2165
2166
2172
2174
2186
2188
2190
2192
2207
2229
2231
2241
2243
2263
2273
2275
2284
2287
2289
2295
2297
2299
2300
2315
2317
2330
2342
2344
2346
2371
2373
2374
2375
2376
2377
2389
2394
2396
2398
2400
2402
2412
2438
2457
2459
2476
2477
2479
2487
2488
2490
2492
2493
2494
2495
2496
2497
2498
2508
2539
2547
2549
2551
2553
2556
2563
2583
2585
2587
2593
2601
2610
2616
2621
2637
2642
2681
2683
2685
2699
2700
2717
2729
2736
2738
2745
2750
2770
2778
2791
2793
2795
2802
2807
2819
2820
2836
2837
2838
2846
2848
2857
2866
2868
2887
2895
2901
2937
2950
2955
2956
2962
2964
2971
2973
2975
2981
2994
2999
3001
3017
3019
3020
3028
3050
3053
3074
3081
3100
3103
3109
3111
3121
3123
3129
3131
3162
3171
3182
3185
3202
3204
3206
3229
3230
3231
3246
3266
3288
3290
3292
3293
3295
3307
3309
3320
3333
3334
3353
3355
3360
3362
3367
3390
3412
3414
3417
3419
3421
3426
3428
3430
3437
3439
3441
3443
3445
3450
3452
3454
3456
3458
3460
3463
3479
3481
3483
3530
3533
3535
3538
3541
3543
3549
3551
3563
3594
3606
3616
3621
3623
3640
3654
3664
3666
3695
3698
3700
3703
3709
3711
3723
3724
3726
3729
3731
3754
3756
3758
3761
3771
3790
3792
3797
3798
3803
3809
3810
3830
3831
3832
3834
3836
3851
3856
3896
3901
3910
3911
3925
3959
3962
3965
3967
3968
3970
3978
3980
4005
4008
4010
4012
4014
4016
4033
4054
4069
4078
4080
4102
4113
4115
4117
4122
4128
4130
4141
4143
4149
4158
4159
4160
4162
4169
4171
4200
4201
4202
4203
4209
4212
4222
4228
4234
4236
4242
4251
4253
4255
4257
4272
4273
4281
4307
4318
4319
4334
4345
4363
4365
4372
4382
4389
4391
4415
4426
4432
4439
4441
4444
4454
4455
4460
4469
4471
4492
4495
4497
4503
4505
4507
4508
4509
4511
4520
4522
4534
4536
4547
4563
4581
4583
4584
4586
4598
4600
4602
4604
4606
4656
4658
4661
4663
4673
4676
4678
4684
4685
4690
4695
4727
4728
4734
4740
4760
4762
4763
4764
4765
4766
4772
4806
4808
4810
4812
4818
4820
4822
4828
4841
4843
4849
4851
4853
4860
4865
4871
4888
4893
4895
4908
4909
4911
4914
4916
4917
4919
4921
4927
4942
4944
4946
4948
4950
4965
4974
4975
4977
4997
5013
5015
5020
5022
5023
5025
5030
5043
5045
5063
5065
5066
5068
5070
5071
5072
5083
5085
5098
5105
5107
5110
5112
5114
5116
5129
5163
5204
5206
5215
5217
5219
5221
5229
5231
5234
5241
5246
5271
5273
5280
5290
5292
5294
5296
5326
5328
5341
5346
5351
5357
5388
5402
5426
5427
5429
5434
5436
5447
5448
5449
5451
5465
5466
5468
5471
5474
5476
5481
5504
5505
5544
5563
5569
5572
5600
5602
5604
5612
5618
5630
5632
5637
5640
5642
5648
5650
5652
5653
5655
5667
5676
5678
5687
5688
5693
5723
5735
5736
5742
5744
5760
5762
5763
5764
5765
5772
5774
5782
5808
5814
5841
5872
5874
5891
5893
5895
5900
5909
5912
5918
5927
5929
5931
5934
5947
5954
5956
5959
5962
5965
5986
5987
5996
6003
6045
6058
6061
6076
6079
6084
6085
6087
6115
6117
6119
6140
6142
6162
6164
6167
6182
6185
6188
6204
6217
6219
6228
6230
6251
6253
6264
6266
6276
6293
6294
6295
6305
6307
6319
6332
6333
6334
6347
6352
6413
6415
6416
6417
6419
6421
6447
6449
6451
6453
6461
6462
6467
6469
6475
6477
6494
6496
6498
6504
6517
6519
6521
6527
6534
6559
6562
6580
6581
6583
6585
6587
6593
6595
6607
6617
6619
6620
6621
6623
6625
6626
6627
6629
6639
6640
6641
6643
6654
6659
6661
6663
6664
6665
6676
6678
6685
6693
6716
6739
6741
6743
6744
6750
6770
6772
6788
6789
6794
6808
6810
6823
6832
6834
6836
6838
6880
6900
6903
6905
6907
6925
6937
6959
6961
6966
6968
6970
6975
6980
6987
6989
6991
7000
7006
7023
7035
7054
7081
7093
7095
7097
7116
7117
7118
7119
7166
7167
7169
7171
7173
7179
7184
7186
7188
7190
7198
7200
7201
7202
7204
7210
7212
7231
7233
7242
7266
7280
7291
7293
7295
7297
7315
7324
7326
7348
7350
7352
7354
7356
7358
7360
7361
7363
7370
7372
7374
7381
7416
7426
7428
7433
7435
7440
7441
7446
7463
7468
7469
7481
7482
7483
7484
7501
7528
7529
7530
7531
7532
7533
7538
7539
7540
7541
7546
7547
7549
7551
7552
7553
7591
7593
7598
7606
7608
7611
7613
7614
7615
7617
7619
7631
7637
7658
7661
7675
7676
7705
7706
7735
7741
7743
7765
7767
7769
7780
7781
7782
7783
7789
7791
7793
7794
7795
7797
7804
7805
7806
7807
7808
7820
7823
7828
7830
7851
7852
7854
7862
7864
7878
7887
7889
7890
7892
7904
7906
7914
7916
7918
7950
7965
7972
7975
7990
7996
7998
8027
8035
8036
8037
8038
8039
8040
8042
8044
8046
8048
8050
8079
8092
8097
8099
8104
8105
8107
8114
8117
8123
8125
8127
8140
8141
8149
8158
8159
8161
8204
8210
8211
8212
8213
8225
8227
8229
8235
8237
8251
8265
8275
8277
8284
8287
8289
8291
8292
8294
8306
8308
8310
8340
8342
8344
8346
8367
8369
8371
8374
8380
8382
8384
8385
8386
8387
8388
8390
8443
8444
8446
8448
8463
8465
8472
8483
8485
8487
8496
8498
8514
8516
8528
8530
8532
8541
8543
8545
8546
8547
8548
8549
8550
8552
8558
8563
8570
8572
8575
8577
8578
8579
8580
8581
8582
8588
8590
8612
8614
8617
8625
8627
8652
8683
8698
8701
8706
8707
8708
8709
8711
8719
8721
8723
8729
8734
8736
8741
8743
8749
8761
8769
8771
8773
8775
8798
8811
8813
8815
8835
8861
8866
8879
8881
8892
8894
8896
8898
8900
8902
8904
8913
8916
8918
8924
8926
8927
8929
8931
8932
8934
8943
8977
8979
8981
8984
8986
8987
8989
8996
8997
8998
8999
9006
9008
9021
9044
9046
9048
9050
9061
9069
9078
9079
9081
9090
9103
9105
9111
9113
9123
9129
9145
9147
9149
9150
9151
9153
9155
9170
9177
9191
9193
9195
9227
9233
9235
9273
9285
9287
9295
9300
9307
9310
9312
9313
9314
9324
9338
9340
9353
9355
9360
9366
9373
9375
9384
9397
9403
9419
9421
9423
9430
9432
9443
9445
9446
9447
9449
9454
9457
9460
9462
9463
9470
9472
9473
9474
9476
9478
9480
9486
9489
9491
9493
9495
9497
9521
9523
9535
9537
9539
9576
9578
9580
9595
9597
9599
9601
9603
9605
9608
9635
9637
9639
9640
9663
9665
9667
9692
9701
9703
9732
9744
9746
9752
9770
9771
9779
9781
9790
9801
9804
9837
9839
9841
9859
9865
9880
9888
9894
9897
9899
9901
9965
9967
9974
9988
9990
9999
10000
10001
10002
10003
10005
10007
10008
10009
10011
10017
10019
10020
10022
10039
10041
10044
10046
10047
10062
10064
10066
10073
10075
10083
10085
10096
10097
10098
10099
10107
10154
10155
10165
10167
10168
10178
10184
10191
10193
10195
10207
10208
10210
10217
10223
10225
10227
10241
10251
10259
10261
10263
10265
10300
10301
10313
10315
10324
10326
10329
10337
10338
10339
10345
10357
10368
10381
10383
10385
10393
10395
10397
10403
10405
10407
10409
10411
10417
10419
10425
10427
10429
10435
10455
10457
10459
10461
10464
10472
10478
10495
10506
10523
10525
10527
10529
10530
10547
10549
10554
10563
10569
10571
10573
10575
10577
10585
10587
10589
10591
10593
10595
10606
10614
10616
10618
10625
10641
10643
10658
10672
10674
10675
10676
10684
10691
10707
10709
10711
10738
10739
10740
10741
10742
10767
10769
10774
10787
10788
10789
10791
10793
10802
10803
10804
10806
10808
10819
10822
10831
10843
10854
10885
10887
10889
10907
10909
10911
10921
10939
10950
10952
10955
10960
10986
10999
11011
11013
11015
11016
11017
11018
11055
11064
11077
11085
11090
11092
11106
11112
11114
11117
11119
11122
11137
11139
11145
11171
11177
11186
11222
11246
11269
11271
11285
11287
11289
11301
11303
11305
11315
11328
11330
11343
11344
11345
11351
11362
11370
11372
11378
11380
11398
11411
11420
11422
11423
11425
11437
11447
11450
11452
11457
11460
11462
11464
11466
11472
11486
11488
11489
11494
11497
11499
11506
11507
11509
11511
11513
11514
11515
11516
11518
11528
11530
11533
11535
11546
11555
11557
11571
11617
11624
11644
11654
11665
11666
11680
11681
11682
11683
11684
11686
11688
11695
11697
11704
11706
11711
11713
11724
11726
11736
11738
11739
11746
11749
11751
11753
11764
11771
11773
11775
11800
11811
11824
11840
11853
11855
11861
11866
11868
11869
11870
11871
11873
11876
11915
11921
11936
11946
11948
11961
11978
11979
12003
12013
12021
12023
12024
12042
12044
12045
12047
12049
12050
12052
12065
12067
12069
12078
12086
12088
12090
12092
12098
12109
12110
12111
12137
12142
12144
12166
12171
12172
12173
12192
12194
12207
12219
12221
12223
12225
12228
12258
12260
12262
12276
12278
12280
12282
12284
12295
12297
12353
12355
12357
12359
12361
12373
12375
12386
12392
12405
12407
12409
12411
12413
12415
12418
12427
12429
12430
12437
12438
12440
12443
12452
12454
12456
12460
12471
12473
12475
12477
12483
12485
12487
12489
12492
12494
12502
12504
12506
12515
12520
12522
12528
12535
12537
12549
12555
12558
12560
12562
12568
12623
12626
12628
12636
12638
12646
12648
12650
12652
12666
12677
12680
12692
12704
12714
12716
12718
12720
12722
12724
12726
12746
12751
12753
12754
12756
12762
12763
12774
12776
12799
12801
12809
12810
12812
12814
12822
12830
12832
12834
12850
12856
12858
12873
12874
12880
12882
12889
12891
12912
12914
12936
12943
12946
12964
12966
12967
12983
12984
12985
12987
12999
13005
13007
13009
13010
13025
13061
13063
13065
13073
13084
13093
13095
13120
13122
13129
13131
13133
13135
13141
13163
13174
13181
13182
13184
13186
13187
13201
13203
13205
13207
13213
13215
13233
13254
13256
13295
13297
13306
13317
13333
13360
13362
13364
13369
13384
13386
13399
13407
13409
13414
13416
13418
13428
13433
13435
13437
13440
13442
13450
13462
13467
13469
13475
13484
13486
13494
13496
13498
13500
13502
13504
13505
13506
13512
13514
13516
13518
13520
13522
13531
13542
13544
13560
13586
13588
13599
13605
13607
13609
13619
13621
13624
13630
13631
13633
13648
13653
13655
13664
13666
13683
13697
13703
13705
13707
13709
13731
13734
13736
13750
13762
13764
13788
13790
13791
13793
13795
13810
13815
13826
13828
13830
13831
13833
13835
13845
13850
13852
13853
13855
13857
13878
13880
13882
13884
13885
13886
13888
13893
13896
13898
13900
13910
13918
13926
13945
13980
13983
13994
14011
14013
14019
14022
14045
14047
14060
14062
14069
14086
14095
14097
14103
14105
14107
14108
14110
14112
14114
14116
14118
14125
14127
14129
14143
14155
14156
14157
14159
14162
14172
14174
14177
14179
14181
14183
14185
14191
14193
14212
14214
14215
14217
14219
14229
14230
14231
14233
14235
14237
14266
14275
14277
14283
14286
14288
14289
14306
14308
14310
14312
14313
14339
14341
14343
14346
14348
14355
14384
14391
14393
14402
14404
14405
14406
14407
14412
14414
14434
14441
14468
14470
14485
14501
14503
14505
14527
14529
14531
14533
14536
14538
14540
14542
14549
14556
14579
14586
14592
14598
14599
14600
14601
14603
14605
14620
14625
14627
14628
14643
14652
14653
14654
14663
14701
14706
14708
14710
14712
14714
14716
14729
14751
14752
14754
14759
14761
14763
14768
14770
14784
14785
14799
14808
14815
14823
14832
14840
14842
14844
14860
14862
14875
14882
14889
14913
14916
14918
14920
14936
14941
14944
14946
14948
14950
14953
14966
14974
14982
14985
14991
14993
14995
15012
15038
15047
15050
15060
15062
15090
15093
15107
15124
15127
15129
15131
15137
15139
15161
15168
15169
15170
15185
15190
15209
15216
15218
15230
15232
15244
15251
15260
15266
15289
15291
15300
15310
15312
15314
15321
15322
15323
15328
15339
15345
15351
15361
15362
15364
15384
15391
15393
15429
15435
15437
15456
15470
15475
15496
15504
15506
15537
15546
15549
15559
15561
15563
15566
15572
15584
15586
15588
15590
15598
15600
15615
15617
15619
15629
15637
15639
15649
15655
15656
15657
15658
15660
15667
15668
15669
15670
15672
15680
15683
15697
15703
15711
15712
15713
15715
15726
15732
15734
15744
15745
15763
15765
15774
15789
15791
15792
15794
15803
15812
15814
15816
15821
15827
15829
15831
15832
15849
15859
15861
15863
15865
15878
15880
15887
15889
15891
15901
15903
15908
15914
15916
15926
15928
15934
15944
15946
15961
15983
15984
15986
15988
15999
16008
16043
16060
16062
16076
16078
16080
16082
16085
16087
16089
16091
16100
16101
16112
16114
16115
16116
16131
16136
16142
16144
16146
16148
16153
16155
16162
16164
16166
16168
16170
16171
16172
16177
16189
16191
16208
16209
16214
16220
16240
16246
16247
16248
16250
16252
16261
16263
16271
16283
16288
16293
16295
16297
16298
16300
16336
16351
16353
16355
16361
16371
16372
16374
16376
16396
16401
16403
16405
16421
16423
16425
16451
16452
16453
16455
16461
16463
16464
16465
16466
16468
16470
16472
16474
16479
16484
16485
16508
16510
16524
16537
16545
16552
16557
16559
16561
16563
16569
16583
16585
16587
16588
16600
16612
16640
16642
16644
16685
16687
16690
16695
16720
16731
16738
16740
16751
16773
16775
16788
16790
16792
16794
16797
16804
16807
16809
16810
16812
16815
16823
16825
16828
16838
16839
16844
16849
16888
16890
16892
16894
16896
16897
16898
16908
16913
16923
16924
16933
16946
16948
16950
16970
16972
16974
16981
16982
16984
16986
16988
16991
16993
16995
17010
17012
17023
17025
17030
17057
17059
17061
17068
17073
17104
17106
17108
17110
17112
17126
17141
17143
17145
17152
17154
17160
17179
17181
17187
17189
17191
17193
17194
17215
17217
17225
17236
17241
17249
17251
17253
17279
17289
17291
17296
17298
17308
17310
17312
17314
17315
17316
17317
17318
17320
17325
17331
17333
17334
17335
17336
17345
17360
17366
17368
17380
17397
17406
17408
17409
17411
17413
17433
17451
17453
17460
17468
17470
17475
17484
17486
17488
17490
17504
17506
17512
17514
17526
17536
17538
17540
17543
17551
17571
17577
17584
17598
17600
17608
17620
17621
17646
17648
17656
17662
17669
17670
17671
17673
17717
17720
17730
17732
17739
17747
17754
17773
17775
17776
17777
17780
17783
17785
17800
17807
17817
17828
17830
17839
17841
17843
17844
17865
17867
17874
17877
17895
17900
17942
17962
17965
17973
17981
17986
17991
17993
17998
18000
18012
18021
18023
18031
18033
18035
18037
18049
18051
18062
18064
18074
18079
18086
18088
18090
18092
18094
18096
18102
18104
18106
18114
18116
18118
18130
18141
18161
18173
18175
18182
18192
18193
18195
18207
18208
18209
18211
18213
18228
18248
18253
18262
18263
18264
18277
18278
18279
18295
18296
18297
18304
18307
18312
18314
18316
18318
18332
18357
18360
18385
18387
18393
18407
18409
18411
18413
18421
18431
18434
18437
18439
18447
18458
18467
18472
18474
18484
18486
18488
18490
18515
18516
18517
18518
18520
18522
18523
18530
18531
18533
18536
18543
18553
18555
18574
18577
18592
18602
18603
18604
18624
18626
18628
18630
18637
18646
18651
18653
18659
18661
18676
18678
18686
18693
18703
18705
18724
18727
18751
18765
18774
18776
18778
18798
18811
18813
18815
18817
18822
18824
18836
18838
18839
18840
18841
18847
18849
18860
18862
18864
18869
18877
18879
18882
18895
18897
18901
18902
18924
18926
18933
18947
18949
18951
18953
18958
18960
18961
18970
18991
18992
19003
19006
19011
19013
19021
19064
19070
19076
19081
19082
19084
19098
19103
19104
19109
19111
19124
19126
19128
19150
19156
19158
19163
19169
19170
19172
19174
19183
19191
19193
19194
19195
19201
19203
19209
19211
19214
19227
19229
19235
19246
19249
19251
19253
19255
19263
19265
19287
19302
19305
19307
19317
19329
19331
19345
19375
19420
19489
19490
19491
19493
19500
19502
19504
19506
19515
19520
19523
19525
19536
19547
19548
19549
19550
19551
19552
19554
19567
19589
19629
19630
19631
19633
19640
19642
19644
19646
19655
19660
19663
19665
19676
19687
19688
19689
19690
19691
19692
19694
19707
19729
19749
19751
19765
19795
19840
19883
19891
19893
19894
19895
19901
19903
19909
19911
19914
19927
19929
19935
19946
19949
19951
19953
19955
19963
19965
19987
20002
20005
20007
20017
20044
20050
20056
20061
20062
20064
20078
20083
20084
20089
20091
20104
20106
20108
20130
20136
20138
20143
20149
20150
20152
20154
20161
20162
20184
20186
20193
20207
20209
20211
20213
20218
20220
20221
20230
20251
20252
20263
20266
20271
20273
20281
20305
20314
20316
20318
20338
20351
20353
20355
20357
20362
20364
20376
20378
20379
20380
20381
20387
20389
20400
20402
20404
20409
20417
20419
20422
20435
20437
20444
20446
20448
20450
20457
20466
20471
20473
20479
20481
20496
20498
20506
20513
20523
20525
20544
20547
20571
20584
20586
20588
20590
20615
20616
20617
20618
20620
20622
20623
20630
20631
20633
20636
20643
20653
20655
20674
20677
20692
20702
20703
20704
20737
20740
20765
20767
20773
20787
20789
20791
20793
20801
20811
20814
20817
20819
20827
20838
20847
20852
20854
20867
20868
20869
20871
20873
20888
20908
20913
20922
20923
20924
20937
20938
20939
20955
20956
20957
20964
20967
20972
20974
20976
20978
20992
21002
21004
21014
21019
21026
21028
21030
21032
21034
21036
21042
21044
21046
21054
21056
21058
21070
21081
21101
21113
21115
21122
21132
21133
21135
21162
21182
21185
21193
21201
21206
21211
21213
21218
21220
21232
21241
21243
21251
21253
21255
21257
21269
21271
21280
21283
21285
21300
21307
21317
21328
21330
21339
21341
21343
21344
21365
21367
21374
21377
21395
21400
21426
21428
21436
21442
21449
21450
21451
21453
21497
21500
21510
21512
21519
21527
21534
21553
21555
21556
21557
21564
21566
21572
21574
21586
21596
21598
21600
21603
21611
21631
21637
21644
21658
21660
21668
21680
21681
21700
21706
21708
21720
21737
21746
21748
21749
21751
21753
21773
21791
21793
21800
21808
21810
21815
21824
21826
21828
21830
21845
21856
21861
21869
21871
21873
21899
21909
21911
21916
21918
21928
21930
21932
21934
21935
21936
21937
21938
21940
21945
21951
21953
21954
21955
21956
21965
22004
22006
22008
22010
22012
22026
22041
22043
22045
22052
22054
22060
22079
22081
22087
22089
22091
22093
22094
22115
22117
22126
22128
22130
22150
22152
22154
22161
22162
22164
22166
22168
22171
22173
22175
22190
22192
22203
22205
22210
22237
22239
22241
22248
22253
22264
22267
22269
22270
22272
22275
22283
22285
22288
22298
22299
22304
22309
22348
22350
22352
22354
22356
22357
22358
22368
22373
22383
22384
22393
22425
22427
22430
22435
22460
22471
22478
22480
22491
22513
22515
22528
22530
22532
22534
22537
22544
22557
22565
22572
22577
22579
22581
22583
22589
22603
22605
22607
22608
22620
22632
22660
22662
22664
22696
22701
22703
22705
22721
22723
22725
22751
22752
22753
22755
22761
22763
22764
22765
22766
22768
22770
22772
22774
22779
22784
22785
22808
22810
22820
22826
22827
22828
22830
22832
22841
22843
22851
22863
22868
22873
22875
22877
22878
22880
22916
22931
22933
22935
22941
22951
22952
22954
22956
22960
22961
22972
22974
22975
22976
22991
22996
23002
23004
23006
23008
23013
23015
23022
23024
23026
23028
23030
23031
23032
23037
23049
23051
23068
23069
23074
23080
23101
23123
23124
23126
23128
23139
23148
23183
23200
23202
23216
23218
23220
23222
23225
23227
23229
23231
23241
23247
23249
23251
23252
23269
23279
23281
23283
23285
23298
23300
23307
23309
23311
23321
23323
23328
23334
23336
23346
23348
23354
23364
23366
23380
23383
23397
23403
23411
23412
23413
23415
23426
23432
23434
23444
23445
23463
23465
23474
23489
23491
23492
23494
23503
23512
23514
23516
23526
23529
23539
23541
23543
23546
23552
23564
23566
23568
23570
23578
23580
23595
23597
23599
23609
23617
23619
23629
23635
23636
23637
23638
23640
23647
23648
23649
23650
23652
23689
23695
23697
23716
23730
23735
23756
23764
23766
23797
23800
23806
23829
23831
23840
23850
23852
23854
23861
23862
23863
23868
23879
23885
23891
23901
23902
23904
23924
23931
23933
23944
23947
23949
23951
23957
23959
23981
23988
23989
23990
24005
24010
24029
24036
24038
24050
24052
24064
24071
24082
24085
24091
24093
24095
24112
24138
24147
24150
24160
24162
24190
24193
24207
24220
24222
24224
24240
24242
24255
24262
24269
24293
24296
24298
24300
24316
24321
24324
24326
24328
24330
24333
24346
24354
24361
24366
24368
24370
24372
24374
24376
24389
24411
24412
24414
24419
24421
24423
24428
24430
24444
24445
24459
24468
24475
24483
24492
24519
24526
24532
24538
24539
24540
24541
24543
24545
24560
24565
24567
24568
24583
24592
24593
24594
24603
24654
24661
24688
24690
24705
24721
24723
24725
24747
24749
24751
24753
24756
24758
24760
24762
24769
24776
24783
24786
24788
24789
24806
24808
24810
24812
24813
24839
24841
24843
24846
24848
24855
24884
24891
24893
24902
24904
24905
24906
24907
24912
24914
24923
24935
24936
24937
24939
24942
24952
24954
24957
24959
24961
24963
24965
24971
24973
24992
24994
24995
24997
24999
25009
25010
25011
25013
25015
25017
25046
25055
25057
25071
25073
25079
25082
25105
25107
25120
25122
25129
25146
25155
25157
25163
25165
25167
25168
25170
25172
25174
25176
25178
25185
25187
25189
25218
25220
25222
25224
25225
25226
25228
25233
25236
25238
25240
25250
25258
25266
25285
25320
25323
25334
25351
25354
25356
25370
25382
25384
25408
25410
25411
25413
25415
25430
25435
25446
25448
25450
25451
25453
25455
25465
25470
25472
25473
25475
25477
25486
25488
25499
25505
25507
25509
25519
25521
25524
25530
25531
25533
25548
25553
25555
25564
25566
25583
25597
25603
25605
25607
25609
25620
25622
25630
25642
25647
25649
25655
25664
25666
25674
25676
25678
25680
25682
25684
25685
25686
25692
25694
25696
25698
25700
25702
25711
25722
25724
25740
25766
25777
25793
25820
25822
25824
25829
25844
25846
25859
25867
25869
25874
25876
25878
25888
25893
25895
25897
25903
25914
25921
25922
25924
25926
25927
25941
25943
25945
25947
25953
25955
25973
25994
25996
26035
26037
26045
26081
26083
26085
26093
26104
26113
26115
26140
26142
26149
26151
26153
26155
26161
26180
26182
26189
26191
26212
26214
26236
26243
26246
26264
26266
26267
26283
26284
26285
26287
26299
26305
26307
26309
26310
26326
26331
26333
26334
26336
26342
26343
26354
26356
26379
26381
26389
26390
26392
26394
26402
26410
26412
26414
26430
26436
26438
26453
26454
26483
26486
26488
26496
26498
26506
26508
26510
26512
26526
26537
26540
26552
26564
26574
26576
26578
26580
26582
26584
26586
26600
26611
26613
26615
26617
26623
26625
26627
26629
26632
26634
26642
26644
26646
26655
26660
26662
26668
26675
26677
26689
26695
26698
26700
26702
26708
26773
26775
26777
26779
26781
26793
26795
26806
26812
26825
26827
26829
26831
26833
26835
26838
26847
26849
26850
26857
26858
26860
26863
26872
26874
26876
26892
26894
26907
26919
26921
26923
26925
26928
26958
26960
26962
26976
26978
26980
26982
26984
26995
26997
27022
27024
27025
27027
27029
27030
27032
27045
27047
27049
27058
27066
27068
27070
27072
27078
27089
27090
27091
27117
27122
27124
27146
27151
27152
27153
27175
27181
27196
27206
27208
27221
27238
27239
27263
27273
27281
27283
27284
27304
27311
27313
27315
27340
27351
27364
27380
27393
27395
27401
27406
27408
27409
27410
27411
27413
27416
27444
27464
27474
27485
27486
27500
27501
27502
27503
27504
27506
27508
27515
27517
27524
27526
27531
27533
27544
27546
27556
27558
27559
27566
27569
27571
27573
27586
27588
27589
27594
27597
27599
27606
27607
27609
27611
27613
27614
27615
27616
27618
27628
27630
27633
27635
27646
27655
27657
27671
27717
27723
27724
27725
27731
27742
27750
27752
27758
27760
27778
27791
27800
27802
27803
27805
27817
27827
27830
27832
27837
27840
27842
27844
27846
27852
27882
27906
27929
27931
27945
27947
27949
27961
27963
27965
27975
27988
27990
28004
28017
28025
28030
28032
28046
28052
28054
28057
28059
28062
28077
28079
28085
28111
28117
28126
28141
28159
28170
28172
28175
28180
28206
28219
28231
28233
28235
28236
28237
28238
28275
28287
28288
28289
28291
28293
28302
28303
28304
28306
28308
28319
28322
28331
28343
28354
28385
28387
28389
28407
28409
28411
28421
28423
28438
28452
28454
28455
28456
28464
28471
28487
28489
28491
28518
28519
28520
28521
28522
28547
28549
28554
28566
28583
28585
28587
28589
28590
28607
28609
28614
28623
28629
28631
28633
28635
28637
28645
28647
28649
28651
28653
28655
28666
28674
28676
28678
28685
28708
28721
28723
28725
28733
28735
28737
28743
28745
28747
28749
28751
28757
28759
28765
28767
28769
28775
28795
28797
28799
28801
28804
28812
28818
28835
28843
28845
28847
28861
28871
28879
28881
28883
28885
28920
28921
28933
28935
28944
28946
28949
28957
28958
28959
28965
28977
28983
28985
28996
28997
28998
28999
29007
29054
29055
29065
29067
29068
29078
29084
29091
29093
29095
29107
29108
29110
29117
29145
29147
29154
29168
29170
29179
29180
29181
29182
29183
29185
29187
29188
29189
29191
29197
29199
29200
29202
29219
29221
29224
29226
29227
29242
29244
29246
29253
29255
29261
29264
29297
29299
29301
29319
29325
29340
29348
29354
29357
29359
29361
29403
29405
29407
29432
29441
29443
29472
29484
29486
29492
29510
29511
29519
29521
29530
29541
29543
29555
29557
29559
29596
29598
29600
29615
29617
29619
29621
29623
29625
29628
29655
29657
29659
29660
29684
29697
29703
29719
29721
29723
29730
29732
29743
29745
29746
29747
29749
29754
29757
29760
29762
29763
29770
29772
29773
29774
29776
29778
29780
29786
29789
29791
29793
29795
29797
29853
29865
29867
29875
29880
29887
29890
29892
29893
29894
29904
29918
29920
29933
29935
29940
29946
29953
29955
29963
29965
29971
29973
29983
29989
30005
30007
30009
30010
30011
30013
30015
30030
30037
30051
30053
30055
30087
30093
30095
30117
30119
30121
30124
30126
30127
30129
30136
30137
30138
30139
30146
30148
30161
30184
30186
30188
30190
30201
30209
30218
30219
30221
30230
30255
30281
30286
30299
30301
30312
30314
30316
30318
30320
30322
30324
30333
30336
30338
30344
30346
30347
30349
30351
30352
30354
30363
30383
30398
30401
30406
30407
30408
30409
30411
30419
30421
30423
30429
30434
30436
30441
30443
30449
30461
30469
30471
30473
30475
30498
30511
30513
30515
30521
30523
30525
30526
30527
30528
30529
30530
30532
30538
30543
30550
30552
30555
30557
30558
30559
30560
30561
30562
30568
30570
30592
30594
30597
30605
30607
30632
30703
30704
30706
30708
30723
30725
30732
30743
30745
30747
30756
30758
30774
30776
30788
30790
30792
30805
30815
30817
30824
30827
30829
30831
30832
30834
30846
30848
30850
30880
30882
30884
30886
30907
30909
30911
30914
30920
30922
30924
30925
30926
30927
30928
30930
30943
30945
30947
30960
30961
30969
30978
30979
30981
31024
31030
31031
31032
31033
31045
31047
31049
31055
31057
31071
31090
31096
31098
31127
31135
31136
31137
31138
31139
31140
31142
31144
31146
31148
31150
31179
31192
31197
31199
31204
31205
31207
31214
31217
31231
31232
31234
31242
31244
31258
31267
31269
31270
31272
31284
31286
31294
31296
31298
31330
31345
31352
31355
31365
31366
31395
31401
31403
31425
31427
31429
31440
31441
31442
31443
31449
31451
31453
31454
31455
31457
31464
31465
31466
31467
31468
31480
31483
31488
31490
31531
31533
31538
31546
31548
31551
31553
31554
31555
31557
31559
31571
31577
31598
31601
31615
31616
31646
31648
31653
31655
31660
31661
31666
31683
31688
31689
31701
31702
31703
31704
31721
31748
31749
31750
31751
31752
31753
31758
31759
31760
31761
31766
31767
31769
31771
31772
31773
31780
31791
31793
31795
31797
31815
31824
31826
31848
31850
31852
31854
31856
31858
31860
31861
31863
31870
31872
31874
31881
31916
31946
31947
31949
31951
31953
31959
31964
31966
31968
31970
31978
31980
31981
31982
31984
31990
31992
32011
32013
32022
32046
32060
32066
32083
32095
32114
32141
32153
32155
32157
32176
32177
32178
32179
32220
32240
32243
32245
32247
32265
32277
32299
32301
32306
32308
32310
32315
32320
32327
32329
32331
32359
32361
32363
32364
32370
32390
32392
32408
32409
32414
32428
32430
32443
32452
32454
32456
32458
32480
32481
32483
32485
32487
32493
32495
32507
32517
32519
32520
32521
32523
32525
32526
32527
32529
32539
32540
32541
32543
32554
32559
32561
32563
32564
32565
32576
32578
32585
32593
32616
32627
32629
32631
32633
32641
32642
32647
32649
32655
32657
32674
32676
32678
32684
32697
32699
32701
32707
32714
32739
32742
32765
32767
32779
32792
32793
32794
32807
32812
32873
32875
32876
32877
32879
32881
32902
32904
32907
32922
32925
32928
32944
32957
32959
32968
32970
32991
32993
33004
33006
33016
33033
33034
33035
33065
33078
33081
33096
33099
33104
33105
33107
33135
33137
33139
33160
33162
33191
33193
33195
33200
33209
33212
33218
33227
33229
33231
33234
33247
33254
33256
33259
33262
33265
33286
33287
33296
33303
33322
33324
33340
33342
33343
33344
33345
33352
33354
33362
33388
33394
33421
33452
33454
33460
33462
33464
33472
33478
33490
33492
33497
33500
33502
33508
33510
33512
33513
33515
33527
33536
33538
33547
33548
33553
33583
33595
33596
33605
33606
33608
33611
33614
33616
33621
33644
33645
33684
33703
33709
33712
33746
33748
33761
33766
33771
33777
33808
33822
33846
33847
33849
33854
33856
33867
33868
33869
33871
33904
33906
33915
33917
33919
33921
33929
33931
33934
33941
33946
33971
33973
33980
33990
33992
33994
33996
34023
34025
34043
34045
34046
34048
34050
34051
34052
34063
34065
34078
34085
34087
34090
34092
34094
34096
34109
34143
34168
34169
34171
34174
34176
34177
34179
34181
34187
34202
34204
34206
34208
34210
34225
34234
34235
34237
34257
34273
34275
34280
34282
34283
34285
34290
34300
34302
34303
34304
34305
34306
34312
34346
34348
34350
34352
34358
34360
34362
34368
34381
34383
34389
34391
34393
34400
34405
34411
34428
34433
34435
34476
34478
34481
34483
34493
34496
34498
34504
34505
34510
34515
34547
34548
34554
34560
34592
34595
34597
34603
34605
34607
34608
34609
34611
34620
34622
34634
34636
34647
34663
34681
34683
34684
34686
34698
34700
34702
34704
34706
34725
34743
34745
34752
34762
34769
34771
34795
34806
34812
34819
34821
34824
34834
34835
34840
34849
34851
34860
34861
34862
34863
34869
34872
34882
34888
34894
34896
34902
34911
34913
34915
34917
34932
34933
34941
34967
34978
34979
34994
35009
35018
35020
35042
35053
35055
35057
35062
35068
35070
35081
35083
35089
35098
35099
35100
35102
35109
35111
35145
35179
35182
35185
35187
35188
35190
35198
35200
35225
35228
35230
35232
35234
35236
35253
35274
35290
35292
35297
35298
35303
35309
35310
35330
35331
35332
35334
35336
35351
35356
35396
35401
35410
35411
35420
35434
35444
35446
35475
35478
35480
35483
35489
35491
35503
35504
35506
35509
35511
35534
35536
35538
35541
35551
35590
35593
35595
35598
35601
35603
35609
35611
35623
35654
35666
35676
35681
35683
35700
35702
35707
35730
35752
35754
35757
35759
35761
35766
35768
35770
35777
35779
35781
35783
35785
35790
35792
35794
35796
35798
35800
35803
35819
35821
35823
35849
35850
35851
35866
35886
35908
35910
35912
35913
35915
35927
35929
35940
35953
35954
35973
35975
35981
36000
36003
36009
36011
36021
36023
36029
36031
36062
36071
36082
36085
36102
36104
36106
36130
36135
36136
36142
36144
36151
36153
36155
36161
36174
36179
36181
36197
36199
36200
36208
36230
36233
36254
36262
36267
36279
36280
36296
36297
36298
36306
36308
36317
36326
36328
36347
36355
36361
36397
36421
36423
36425
36439
36440
36457
36469
36476
36478
36485
36490
36510
36518
36531
36533
36535
36559
36567
36569
36571
36573
36576
36583
36603
36605
36607
36613
36621
36630
36636
36641
36657
36662
36689
36694
36696
36698
36700
36702
36712
36738
36757
36759
36776
36777
36779
36787
36788
36790
36792
36793
36794
36795
36796
36797
36798
36808
36821
36823
36843
36853
36855
36864
36867
36869
36875
36877
36879
36880
36895
36897
36910
36922
36924
36926
36951
36953
36954
36955
36956
36957
36973
36974
36975
36976
36977
36978
36980
36983
36997
36998
36999
37015
37023
37025
37026
37032
37034
37046
37048
37050
37052
37067
37089
37091
37102
37105
37108
37110
37111
37112
37128
37130
37132
37144
37154
37167
37174
37176
37178
37184
37186
37188
37203
37210
37211
37219
37222
37224
37241
37269
37296
37298
37300
37301
37314
37335
37342
37344
37346
37351
37353
37355
37356
37357
37362
37370
37372
37385
37390
37391
37392
37403
37405
37418
37420
37433
37435
37436
37442
37445
37447
37472
37477
37499
37507
37513
37515
37516
37517
37539
37540
37541
37547
37558
37560
37567
37579
37582
37594
37600
37605
37606
37612
37614
37619
37638
37641
37643
37645
37653
37655
37660
37662
37670
37671
37679
37681
37692
37693
37698
37704
37717
37719
37721
37724
37744
37752
37754
37781
37786
37795
37797
37815
37828
37849
37859
37875
37877
37879
37880
37892
37894
37903
37909
37911
37912
37926
37928
37930
37932
37941
37943
37945
37950
37970
37971
37991
38006
38007
38009
38011
38024
38029
38036
38038
38041
38043
38045
38047
38055
38056
38069
38074
38101
38102
38103
38108
38117
38119
38120
38121
38123
38125
38127
38129
38142
38153
38158
38160
38171
38173
38178
38180
38193
38195
38197
38202
38239
38250
38251
38252
38260
38263
38265
38279
38285
38298
38308
38311
38313
38328
38329
38341
38346
38364
38366
38398
38405
38407
38409
38412
38414
38423
38425
38441
38443
38454
38459
38461
38474
38487
38500
38501
38503
38513
38530
38532
38557
38569
38575
38583
38585
38619
38629
38635
38637
38641
38657
38658
38659
38660
38661
38662
38663
38664
38665
38666
38673
38675
38685
38698
38700
38701
38706
38718
38730
38732
38734
38736
38738
38740
38756
38772
38824
38830
38832
38845
38848
38854
38856
38858
38859
38860
38868
38889
38902
38904
38906
38926
38928
38930
38952
38958
38968
38970
38972
38974
38976
38985
38988
38990
39026
39040
39061
39063
39082
39084
39087
39099
39101
39111
39113
39128
39133
39135
39149
39151
39152
39153
39163
39178
39195
39197
