0
2
8
10
11
24
33
40
45
50
52
65
103
106
112
114
115
124
126
128
130
131
144
146
153
155
157
159
160
162
164
175
177
208
214
215
216
217
253
270
304
317
319
330
333
339
366
369
371
373
375
377
379
387
401
407
415
417
445
447
450
452
454
456
481
482
483
488
489
490
491
496
521
523
531
532
533
534
535
536
538
555
557
560
570
572
574
576
578
601
609
623
625
639
641
644
650
652
654
656
658
666
668
678
688
690
693
712
714
728
734
737
745
753
756
759
786
792
832
841
843
878
879
890
893
919
920
921
922
924
935
942
944
946
949
952
954
956
958
959
960
961
962
963
964
976
989
991
992
998
1005
1012
1014
1016
1019
1021
1023
1024
1025
1026
1039
1045
1047
1049
1051
1057
1059
1064
1073
1078
1087
1101
1106
1108
1114
1122
1124
1125
1134
1136
1138
1167
1169
1171
1173
1174
1191
1193
1195
1209
1215
1229
1244
1245
1250
1281
1293
1295
1304
1305
1307
1324
1326
1343
1368
1370
1371
1372
1374
1408
1410
1412
1421
1423
1425
1436
1439
1457
1459
1486
1488
1496
1501
1503
1524
1530
1536
1546
1548
1550
1552
1554
1557
1568
1579
1581
1586
1588
1590
1597
1599
1615
1622
1624
1629
1631
1632
1638
1640
1642
1647
1649
1651
1666
1668
1675
1688
1690
1692
1701
1710
1712
1734
1741
1743
1750
1764
1790
1793
1799
1801
1803
1822
1823
1830
1832
1843
1865
1867
1889
1891
1909
1915
1918
1923
1925
1928
1936
1956
1972
1975
1977
1978
1985
1986
1987
1988
1990
1992
1994
2000
2002
2004
2019
2040
2063
2073
2080
2082
2104
2106
2109
2111
2113
2115
2128
2130
2146
2148
2150
2163
2168
2178
2189
2215
2230
2235
2251
2253
2255
2295
2322
2341
2343
2348
2350
2352
2355
2357
2363
2365
2366
2367
2368
2380
2383
2385
2387
2401
2403
2405
2419
2421
2433
2442
2462
2463
2472
2485
2487
2488
2490
2493
2496
2498
2511
2516
2535
2541
2547
2549
2581
2592
2593
2594
2616
2619
2635
2640
2653
2664
2678
2684
2687
2689
2691
2693
2708
2709
2710
2712
2714
2727
2737
2739
2749
2755
2772
2789
2791
2801
2815
2820
2827
2838
2840
2841
2843
2845
2847
2866
2883
2885
2890
2906
2908
2925
2930
2932
2934
2958
2963
2984
2986
3002
3012
3014
3016
3025
3034
3041
3055
3057
3059
3061
3076
3077
3095
3100
3101
3103
3108
3122
3124
3136
3138
3157
3159
3160
3169
3174
3179
3204
3206
3211
3230
3242
3255
3256
3257
3259
3266
3268
3269
3271
3281
3282
3283
3285
3293
3295
3303
3308
3309
3310
3312
3329
3332
3334
3353
3355
3360
3363
3365
3367
3401
3404
3406
3412
3414
3441
3454
3459
3461
3463
3465
3472
3486
3512
3514
3519
3521
3531
3541
3548
3565
3567
3568
3569
3575
3577
3589
3591
3597
3612
3614
3616
3617
3618
3619
3661
3675
3676
3685
3687
3689
3691
3702
3717
3742
3748
3765
3767
3773
3781
3783
3789
3806
3819
3821
3824
3831
3842
3852
3854
3859
3867
3874
3877
3897
3898
3927
3929
3931
3933
3934
3935
3940
3946
3948
3950
3956
3957
3971
3982
4002
4010
4012
4019
4021
4022
4023
4025
4031
4033
4040
4043
4048
4049
4050
4051
4052
4053
4055
4071
4078
4080
4122
4124
4125
4140
4146
4147
4152
4154
4165
4167
4183
4184
4185
4197
4202
4204
4206
4207
4225
4230
4268
4270
4275
4277
4279
4291
4293
4319
4320
4344
4346
4352
4376
4377
4378
4380
4386
4388
4390
4392
4399
4401
4402
4403
4413
4421
4423
4448
4450
4453
4455
4466
4471
4477
4484
4486
4488
4505
4520
4521
4523
4531
4539
4547
4556
4559
4565
4567
4572
4574
4576
4581
4582
4590
4599
4606
4609
4611
4613
4616
4626
4628
4636
4651
4652
4653
4654
4656
4665
4677
4700
4727
4743
4753
4755
4757
4764
4786
4788
4796
4798
4800
4802
4819
4821
4829
4831
4836
4839
4841
4842
4844
4846
4849
4851
4853
4862
4864
4867
4869
4878
4880
4901
4914
4916
4946
4948
4950
4952
4965
4967
4974
4976
4995
4997
5010
5026
5033
5058
5067
5070
5072
5073
5097
5102
5120
5123
5129
5130
5139
5161
5163
5164
5166
5175
5182
5183
5184
5185
5186
5193
5200
5201
5203
5205
5207
5218
5224
5230
5239
5254
5256
5258
5260
5262
5274
5290
5297
5299
5316
5330
5331
5333
5338
5340
5342
5348
5362
5374
5376
5392
5394
5406
5408
5411
5413
5415
5417
5422
5424
5426
5440
5452
5454
5495
5496
5498
5500
5511
5514
5516
5522
5537
5562
5567
5569
5571
5573
5578
5583
5585
5588
5590
5601
5603
5604
5605
5610
5615
5617
5619
5632
5640
5647
5654
5656
5681
5682
5684
5690
5692
5732
5741
5743
5745
5759
5795
5797
5799
5801
5802
5804
5807
5832
5852
5858
5860
5873
5874
5876
5891
5906
5908
5909
5910
5915
5925
5927
5939
5957
5958
5959
5967
5969
5971
5979
5984
6026
6031
6041
6042
6043
6044
6056
6067
6072
6073
6074
6076
6078
6080
6081
6087
6090
6092
6104
6106
6107
6109
6111
6113
6115
6136
6161
6163
6168
6174
6175
6188
6189
6190
6198
6199
6200
6202
6204
6218
6235
6255
6256
6266
6268
6288
6290
6292
6294
6303
6305
6310
6317
6318
6320
6325
6347
6348
6353
6360
6365
6367
6380
6394
6404
6416
6418
6424
6426
6450
6452
6454
6456
6458
6463
6474
6492
6494
6497
6508
6510
6516
6518
6523
6524
6529
6530
6536
6537
6538
6539
6540
6542
6545
6547
6549
6560
6562
6582
6583
6584
6585
6586
6606
6625
6627
6637
6652
6653
6654
6661
6667
6673
6675
6677
6679
6715
6716
6721
6733
6748
6750
6752
6755
6770
6771
6772
6779
6781
6800
6803
6805
6807
6814
6826
6828
6830
6832
6834
6842
6845
6847
6848
6849
6851
6853
6855
6857
6865
6867
6869
6898
6900
6901
6903
6905
6906
6907
6908
6925
6927
6952
6954
6960
6966
6978
6989
6995
7012
7014
7016
7018
7051
7054
7059
7065
7085
7090
7097
7099
7100
7101
7109
7114
7115
7130
7145
7147
7165
7182
7191
7193
7194
7196
7202
7213
7214
7215
7217
7241
7243
7246
7257
7258
7259
7272
7273
7275
7325
7339
7341
7343
7345
7346
7348
7377
7383
7388
7389
7390
7406
7412
7415
7417
7428
7430
7445
7447
7449
7451
7453
7455
7456
7457
7458
7459
7460
7461
7463
7492
7494
7502
7508
7510
7512
7513
7514
7515
7516
7518
7548
7550
7552
7592
7594
7600
7606
7608
7610
7612
7614
7616
7634
7636
7638
7673
7705
7707
7721
7747
7754
7763
7764
7766
7768
7786
7787
7797
7799
7807
7813
7814
7816
7818
7820
7822
7828
7830
7832
7835
7837
7845
7852
7871
7901
7903
7906
7908
7910
7936
7950
7988
7990
7995
7997
8004
8017
8018
8019
8024
8032
8033
8035
8037
8039
8052
8063
8074
8076
8078
8114
8116
8117
8121
8131
8146
8152
8154
8159
8161
8166
8194
8196
8231
8246
8248
8250
8252
8253
8254
8264
8265
8267
8269
8279
8281
8287
8289
8328
8335
8337
8351
8359
8365
8371
8384
8414
8426
8431
8433
8434
8436
8447
8449
8457
8459
8461
8466
8481
8493
8499
8501
8503
8505
8511
8533
8541
8549
8551
8576
8578
8580
8581
8582
8591
8597
8602
8603
8623
8634
8636
8642
8667
8669
8675
8686
8687
8689
8691
8693
8696
8698
8704
8706
8708
8710
8712
8731
8746
8755
8757
8767
8768
8769
8774
8789
8791
8793
8795
8796
8797
8798
8815
8817
8823
8833
8838
8841
8843
8844
8871
8880
8882
8884
8886
8895
8903
8910
8925
8927
8929
8931
8948
8950
8962
8970
8987
8989
8991
8993
9001
9011
9016
9018
9039
9041
9053
9085
9090
9092
9094
9100
9102
9104
9125
9131
9133
9139
9141
9143
9145
9147
9153
9159
9160
9165
9175
9196
9198
9200
9202
9203
9204
9206
9219
9221
9223
9225
9230
9248
9255
9256
9258
9283
9291
9297
9305
9307
9315
9318
9320
9322
9328
9330
9331
9333
9348
9350
9352
9354
9359
9367
9368
9374
9386
9391
9392
9393
9395
9398
9413
9416
9418
9420
9429
9430
9432
9444
9454
9456
9492
9511
9520
9521
9576
9578
9580
9608
9610
9616
9617
9622
9642
9651
9657
9672
9674
9676
9700
9703
9705
9721
9723
9725
9726
9731
9733
9734
9735
9751
9753
9760
9762
9771
9800
9802
9834
9836
9841
9844
9846
9851
9884
9889
9891
9898
9900
9902
9905
9907
9908
9909
9914
9916
9919
9921
9923
9948
9949
9951
9959
9967
9969
9971
9973
9975
9988
9995
9997
10002
10010
10012
10014
10038
10048
10053
10055
10057
10059
10061
10063
10076
10081
10083
10086
10102
10110
10137
10139
10141
10143
10144
10146
10148
10158
10166
10176
10185
10188
10193
10195
10202
10235
10238
10243
10245
10272
10283
10299
10333
10335
10337
10343
10345
10347
10349
10351
10360
10362
10370
10371
10372
10373
10375
10386
10388
10395
10396
10397
10399
10401
10403
10405
10406
10416
10418
10420
10421
10427
10443
10459
10475
10477
10479
10504
10507
10516
10530
10531
10533
10535
10548
10566
10572
10589
10591
10592
10601
10606
10608
10631
10637
10649
10651
10653
10658
10659
10660
10665
10667
10680
10701
10758
10760
10763
10765
10774
10777
10783
10801
10802
10803
10809
10811
10813
10814
10824
10832
10834
10836
10838
10840
10841
10843
10845
10847
10849
10852
10860
10867
10878
10880
10890
10895
10910
10915
10930
10932
10944
10960
11005
11007
11026
11028
11030
11032
11035
11037
11048
11107
11109
11125
11126
11128
11139
11141
11143
11150
11152
11164
11166
11169
11174
11176
11194
11207
11209
11211
11213
11214
11219
11230
11232
11255
11256
11257
11258
11259
11260
11261
11262
11264
11271
11274
11279
11285
11290
11292
11294
11296
11298
11300
11305
11326
11328
11334
11336
11349
11351
11353
11355
11357
11359
11361
11367
11368
11385
11390
11393
11411
11414
11416
11431
11433
11438
11441
11443
11449
11451
11460
11462
11469
11487
11489
11516
11522
11551
11562
11568
11571
11579
11581
11606
11624
11632
11634
11636
11638
11640
11642
11644
11650
11652
11664
11670
11671
11673
11678
11680
11714
11730
11732
11734
11736
11737
11739
11749
11751
11752
11753
11754
11755
11756
11768
11774
11780
11782
11784
11805
11807
11815
11817
11822
11824
11827
11829
11834
11836
11841
11855
11865
11902
11924
11926
11932
11934
11936
11952
11967
11969
11972
11974
11976
11978
11979
11981
11983
11985
11987
11993
12002
12003
12004
12006
12009
12011
12012
12020
12048
12049
12051
12053
12070
12072
12074
12077
12104
12123
12133
12135
12141
12143
12169
12171
12191
12197
12220
12222
12224
12246
12259
12260
12266
12283
12285
12287
12297
12299
12305
12307
12309
12311
12313
12314
12315
12316
12317
12325
12341
12343
12346
12375
12377
12388
12390
12392
12415
12417
12454
12468
12478
12481
12483
12489
12492
12494
12496
12498
12503
12506
12508
12510
12512
12513
12520
12521
12530
12532
12534
12545
12547
12549
12552
12564
12566
12568
12571
12573
12614
12616
12619
12627
12632
12638
12648
12650
12668
12670
12691
12721
12731
12746
12747
12749
12751
12753
12755
12774
12782
12815
12817
12818
12819
12820
12821
12833
12836
12849
12864
12866
12889
12890
12895
12896
12897
12898
12900
12902
12908
12947
12976
12981
12984
12997
12998
12999
13001
13006
13008
13042
13044
13051
13057
13070
13072
13074
13076
13083
13085
13090
13093
13102
13103
13105
13114
13121
13122
13127
13160
13163
13169
13170
13204
13227
13230
13232
13250
13252
13265
13267
13269
13271
13272
13278
13286
13287
13289
13301
13303
13305
13313
13318
13332
13334
13336
13338
13344
13349
13355
13357
13359
13361
13363
13365
13373
13374
13376
13395
13397
13398
13399
13404
13422
13424
13443
13448
13449
13456
13458
13460
13462
13495
13497
13500
13525
13535
13541
13544
13546
13548
13550
13557
13560
13570
13572
13574
13600
13602
13604
13606
13613
13623
13625
13633
13653
13658
13659
13660
13662
13664
13666
13668
13669
13670
13672
13674
13676
13678
13708
13710
13711
13717
13726
13749
13751
13753
13786
13796
13807
13826
13828
13843
13861
13863
13870
13872
13889
13896
13898
13900
13902
13904
13915
13916
13918
13929
13934
13936
13975
13980
13990
13992
13994
14055
14057
14059
14060
14061
14062
14064
14076
14078
14079
14087
14088
14090
14101
14103
14117
14123
14125
14134
14136
14151
14158
14165
14167
14169
14181
14192
14214
14234
14236
14243
14246
14249
14251
14266
14269
14287
14289
14291
14294
14302
14303
14305
14307
14314
14315
14316
14317
14329
14331
14345
14346
14362
14364
14367
14389
14391
14402
14403
14421
14423
14425
14427
14438
14451
14456
14458
14459
14460
14462
14464
14466
14472
14474
14490
14492
14494
14500
14502
14505
14517
14519
14524
14527
14534
14536
14538
14540
14547
14548
14550
14552
14554
14555
14556
14566
14576
14588
14589
14590
14610
14612
14619
14620
14621
14631
14632
14634
14646
14647
14648
14650
14652
14653
14654
14670
14672
14674
14700
14719
14722
14732
14737
14745
14755
14765
14767
14792
14815
14817
14819
14821
14823
14840
14842
14849
14851
14865
14878
14880
14882
14887
14911
14912
14913
14918
14923
14924
14925
14930
14936
14949
14951
14973
14975
14977
14983
14995
14998
15000
15003
15014
15016
15027
15036
15039
15041
15060
15083
15096
15098
15100
15102
15104
15111
15116
15117
15121
15153
15162
15164
15170
15172
15173
15183
15185
15191
15193
15195
15197
15218
15224
15230
15233
15244
15262
15264
15266
15275
15284
15286
15288
15289
15291
15302
15311
15313
15331
15351
15352
15353
15387
15389
15391
15397
15406
15412
15417
15419
15420
15441
15443
15453
15489
15498
15505
15506
15513
15525
15534
15554
15556
15579
15581
15607
15617
15633
15643
15656
15661
15682
15697
15699
15712
15717
15724
15726
15729
15731
15732
15734
15736
15741
15749
15754
15756
15764
15766
15771
15778
15784
15786
15787
15789
15792
15794
15796
15810
15817
15827
15832
15833
15835
15837
15839
15840
15841
15842
15844
15846
15848
15864
15865
15866
15887
15889
15932
15934
15940
15943
15955
15957
15991
15997
15998
15999
16017
16019
16020
16021
16022
16039
16068
16070
16073
16080
16083
16085
16090
16100
16102
16121
16145
16147
16149
16151
16165
16166
16180
16182
16183
16185
16203
16205
16206
16208
16211
16220
16222
16227
16241
16243
16248
16263
16265
16267
16269
16271
16273
16275
16282
16283
16288
16294
16308
16310
16327
16329
16351
16352
16353
16354
16356
16374
16377
16386
16388
16396
16398
16409
16420
16423
16430
16432
16435
16446
16448
16450
16457
16459
16467
16478
16499
16501
16503
16505
16507
16509
16511
16512
16517
16526
16531
16537
16539
16545
16546
16548
16550
16556
16557
16558
16560
16562
16568
16580
16582
16593
16602
16603
16608
16618
16623
16661
16663
16665
16667
16672
16682
16690
16716
16718
16725
16727
16739
16741
16744
16746
16752
16755
16768
16786
16817
16830
16831
16833
16841
16848
16853
16862
16864
16866
16873
16874
16875
16876
16881
16888
16889
16895
16897
16899
16901
16907
16909
16911
16913
16925
16928
16944
16946
16948
16950
16952
16954
16963
16964
16965
16967
16983
16991
16997
17013
17015
17023
17047
17061
17062
17063
17075
17077
17082
17084
17086
17107
17109
17111
17112
17113
17114
17115
17129
17131
17133
17139
17146
17159
17168
17176
17195
17205
17207
17212
17244
17245
17260
17265
17267
17273
17281
17283
17296
17298
17300
17302
17304
17305
17306
17317
17323
17336
17338
17365
17371
17373
17375
17377
17388
17390
17398
17417
17434
17436
17438
17440
17453
17455
17467
17468
17470
17472
17478
17480
17482
17492
17497
17500
17502
17511
17513
17540
17542
17544
17546
17548
17550
17555
17556
17557
17566
17571
17573
17595
17597
17598
17600
17602
17604
17606
17612
17620
17622
17624
17626
17636
17654
17663
17665
17671
17691
17697
17704
17706
17708
17711
17713
17719
17721
17723
17725
17730
17732
17746
17756
17758
17768
17770
17783
17792
17797
17799
17806
17837
17840
17842
17853
17855
17860
17878
17880
17887
17889
17891
17894
17896
17903
17915
17935
17942
17944
17946
17952
17958
17966
17967
17969
17971
17973
17974
17997
17999
18001
18006
18008
18015
18025
18031
18037
18039
18041
18042
18043
18045
18047
18049
18051
18078
18080
18082
18098
18100
18102
18104
18117
18130
18157
18160
18163
18165
18175
18177
18179
18186
18189
18197
18205
18207
18231
18233
18273
18298
18317
18319
18324
18326
18334
18341
18348
18359
18371
18373
18402
18407
18430
18441
18449
18454
18462
18472
18474
18493
18500
18503
18505
18515
18517
18519
18520
18521
18523
18525
18527
18533
18539
18544
18546
18558
18559
18564
18566
18572
18574
18576
18590
18597
18600
18602
18609
18625
18643
18645
18667
18683
18690
18691
18726
18732
18733
18734
18745
18746
18747
18779
18788
18794
18816
18818
18820
18841
18843
18846
18851
18859
18887
18889
18890
18892
18894
18895
18897
18901
18909
18910
18911
18912
18914
18916
18937
18944
18946
18953
18974
18976
18983
18984
18986
18988
18991
18993
18999
19009
19020
19046
19065
19067
19068
19069
19080
19082
19087
19088
19089
19090
19114
19116
19118
19146
19156
19157
19164
19184
19190
19199
19201
19207
19209
19211
19213
19236
19238
19240
19241
19242
19243
19244
19245
19247
19249
19250
19251
19252
19258
19260
19272
19281
19283
19284
19290
19292
19294
19296
19309
19311
19314
19316
19408
19410
19430
19447
19470
19480
19486
19488
19490
19496
19497
19499
19511
19513
19515
19558
19579
19581
19597
19610
19620
19626
19628
19630
19636
19637
19639
19651
19653
19655
19698
19719
19721
19737
19828
19830
19850
19867
19884
19890
19899
19901
19907
19909
19911
19913
19936
19938
19940
19941
19942
19943
19944
19945
19947
19949
19950
19951
19952
19958
19960
19972
19981
19983
19984
19990
19992
19994
19996
20009
20011
20014
20016
20026
20045
20047
20048
20049
20060
20062
20067
20068
20069
20070
20094
20096
20098
20126
20136
20137
20144
20161
20169
20170
20171
20172
20174
20176
20197
20204
20206
20213
20234
20236
20243
20244
20246
20248
20251
20253
20259
20269
20280
20319
20328
20334
20356
20358
20360
20381
20383
20386
20391
20399
20427
20429
20430
20432
20434
20435
20437
20445
20463
20465
20487
20503
20510
20511
20546
20552
20553
20554
20565
20566
20567
20593
20600
20603
20605
20615
20617
20619
20620
20621
20623
20625
20627
20633
20639
20644
20646
20658
20659
20664
20666
20672
20674
20676
20690
20697
20700
20702
20709
20721
20728
20739
20751
20753
20782
20787
20810
20821
20829
20834
20842
20852
20854
20865
20867
20891
20893
20933
20958
20977
20979
20984
20986
20994
21018
21020
21022
21038
21040
21042
21044
21057
21070
21097
21100
21103
21105
21115
21117
21119
21126
21129
21137
21155
21162
21164
21166
21172
21178
21186
21187
21189
21191
21193
21194
21217
21219
21221
21226
21228
21235
21245
21251
21257
21259
21261
21262
21263
21265
21267
21269
21271
21283
21292
21297
21299
21306
21337
21340
21342
21353
21355
21360
21378
21380
21387
21389
21391
21394
21396
21403
21415
21434
21443
21445
21451
21471
21477
21484
21486
21488
21491
21493
21499
21501
21503
21505
21510
21512
21526
21536
21538
21548
21550
21560
21562
21571
21573
21600
21602
21604
21606
21608
21610
21615
21616
21617
21626
21631
21633
21655
21657
21658
21660
21662
21664
21666
21672
21680
21682
21684
21686
21696
21705
21711
21713
21715
21717
21728
21730
21738
21757
21774
21776
21778
21780
21793
21795
21807
21808
21810
21812
21818
21820
21822
21832
21837
21864
21865
21880
21885
21887
21893
21901
21903
21916
21918
21920
21922
21924
21925
21926
21937
21943
21956
21958
21982
21984
21986
22007
22009
22011
22012
22013
22014
22015
22029
22031
22033
22039
22046
22059
22068
22076
22095
22105
22107
22112
22124
22126
22128
22130
22132
22134
22143
22144
22145
22147
22163
22171
22177
22193
22195
22203
22227
22241
22242
22243
22255
22257
22277
22290
22291
22293
22301
22308
22313
22322
22324
22326
22333
22334
22335
22336
22341
22348
22349
22355
22357
22359
22361
22367
22369
22371
22373
22385
22388
22401
22403
22405
22407
22412
22422
22430
22456
22458
22465
22467
22479
22481
22484
22486
22492
22495
22508
22526
22546
22551
22557
22559
22565
22566
22568
22570
22576
22577
22578
22580
22582
22588
22600
22602
22613
22622
22623
22628
22638
22643
22686
22688
22696
22698
22709
22720
22723
22730
22732
22735
22746
22748
22750
22757
22759
22767
22778
22799
22801
22803
22805
22807
22809
22811
22812
22817
22821
22823
22828
22843
22845
22847
22849
22851
22853
22855
22862
22863
22868
22874
22888
22890
22907
22909
22931
22932
22933
22934
22936
22954
22957
22960
22962
22981
23005
23007
23009
23011
23025
23026
23040
23042
23043
23045
23063
23065
23066
23068
23071
23080
23082
23087
23131
23137
23138
23139
23157
23159
23160
23161
23162
23179
23208
23210
23213
23220
23223
23225
23230
23247
23252
23253
23255
23257
23259
23260
23261
23262
23264
23266
23268
23284
23285
23286
23307
23309
23352
23354
23360
23363
23375
23377
23382
23397
23399
23412
23417
23424
23426
23429
23431
23432
23434
23436
23441
23449
23454
23456
23464
23466
23471
23478
23484
23486
23487
23489
23492
23494
23496
23510
23517
23534
23536
23559
23561
23587
23597
23613
23623
23636
23641
23666
23672
23677
23679
23680
23701
23703
23713
23749
23758
23765
23766
23773
23785
23794
23802
23804
23806
23815
23824
23826
23828
23829
23831
23842
23851
23853
23871
23891
23892
23893
23927
23929
23931
23937
23941
23973
23982
23984
23990
23992
23993
24003
24005
24011
24013
24015
24017
24038
24044
24050
24053
24064
24083
24095
24098
24100
24103
24114
24116
24127
24136
24139
24141
24160
24183
24196
24198
24200
24202
24204
24211
24216
24217
24220
24222
24229
24231
24245
24258
24260
24262
24267
24291
24292
24293
24298
24303
24304
24305
24310
24316
24329
24331
24353
24355
24357
24360
24379
24382
24392
24397
24405
24415
24425
24427
24452
24475
24477
24479
24481
24483
24506
24516
24528
24529
24530
24550
24552
24559
24560
24561
24571
24572
24574
24586
24587
24588
24590
24592
24593
24594
24610
24612
24614
24641
24643
24645
24647
24658
24671
24676
24678
24679
24680
24682
24684
24686
24692
24694
24710
24712
24714
24720
24722
24725
24737
24739
24744
24747
24754
24756
24758
24760
24767
24768
24770
24772
24774
24775
24776
24787
24789
24791
24794
24802
24803
24805
24807
24814
24815
24816
24817
24829
24831
24845
24846
24862
24864
24867
24889
24891
24902
24903
24931
24938
24945
24947
24949
24961
24972
24994
25014
25016
25023
25026
25029
25031
25046
25049
25115
25117
25119
25120
25121
25122
25124
25136
25138
25139
25147
25148
25150
25161
25163
25177
25183
25185
25194
25196
25201
25203
25210
25212
25229
25236
25238
25240
25242
25244
25255
25256
25258
25269
25274
25276
25315
25320
25330
25332
25334
25346
25369
25371
25373
25406
25416
25427
25446
25448
25463
25500
25502
25504
25506
25513
25523
25525
25533
25553
25558
25559
25560
25562
25564
25566
25568
25569
25570
25572
25574
25576
25578
25608
25610
25611
25617
25623
25628
25629
25636
25638
25640
25642
25675
25677
25680
25705
25715
25721
25724
25726
25728
25730
25737
25740
25750
25752
25754
25761
25763
25765
25773
25778
25792
25794
25796
25798
25804
25809
25815
25817
25819
25821
25823
25825
25833
25834
25836
25855
25857
25858
25859
25864
25882
25884
25900
25903
25909
25910
25944
25967
25970
25972
25990
25992
26005
26007
26009
26011
26012
26018
26026
26027
26029
26062
26064
26071
26077
26090
26092
26094
26096
26103
26105
26110
26113
26122
26123
26125
26134
26141
26142
26147
26189
26190
26195
26196
26197
26198
26200
26202
26208
26247
26276
26281
26284
26297
26298
26299
26301
26306
26308
26326
26327
26329
26331
26333
26335
26354
26362
26395
26397
26398
26399
26400
26401
26413
26416
26429
26444
26446
26474
26476
26479
26487
26492
26498
26508
26510
26528
26530
26551
26581
26591
26608
26618
26621
26623
26629
26632
26634
26636
26638
26643
26646
26648
26650
26652
26653
26660
26661
26670
26672
26674
26685
26687
26689
26692
26704
26706
26708
26711
26713
26745
26761
26763
26766
26795
26797
26808
26810
26812
26835
26837
26874
26891
26897
26920
26922
26924
26946
26959
26960
26966
26983
26985
26987
26997
26999
27005
27007
27009
27011
27013
27014
27015
27016
27017
27028
27029
27031
27033
27050
27052
27054
27057
27084
27103
27113
27115
27121
27123
27149
27151
27162
27184
27186
27192
27194
27196
27212
27227
27229
27232
27234
27236
27238
27239
27241
27243
27245
27247
27253
27262
27263
27264
27266
27269
27271
27272
27280
27308
27314
27320
27322
27324
27345
27347
27355
27357
27362
27364
27367
27369
27374
27376
27381
27395
27405
27444
27452
27454
27456
27458
27460
27462
27464
27470
27472
27484
27490
27491
27493
27498
27500
27534
27550
27552
27554
27556
27557
27559
27569
27571
27572
27573
27574
27575
27576
27587
27589
27616
27622
27651
27662
27668
27671
27679
27681
27706
27729
27731
27733
27735
27737
27739
27741
27747
27748
27765
27770
27773
27791
27794
27796
27811
27813
27818
27821
27823
27829
27831
27840
27842
27849
27867
27869
27871
27873
27874
27879
27890
27892
27915
27916
27917
27918
27919
27920
27921
27922
27924
27931
27934
27939
27945
27950
27952
27954
27956
27958
27960
27965
27986
27988
27994
27996
28047
28049
28065
28066
28068
28079
28081
28083
28090
28092
28104
28106
28109
28114
28116
28134
28150
28152
28164
28180
28225
28227
28246
28248
28250
28252
28255
28257
28268
28283
28301
28302
28303
28309
28311
28313
28314
28324
28332
28334
28336
28338
28340
28341
28343
28345
28347
28349
28352
28360
28367
28378
28380
28390
28395
28410
28415
28429
28431
28433
28438
28439
28440
28445
28447
28460
28481
28538
28540
28543
28545
28554
28557
28564
28567
28576
28590
28591
28593
28595
28608
28626
28632
28649
28651
28652
28661
28666
28668
28691
28697
28700
28702
28710
28711
28712
28713
28715
28726
28728
28735
28736
28737
28739
28741
28743
28745
28746
28756
28758
28760
28761
28767
28783
28799
28815
28817
28819
28855
28858
28863
28865
28892
28903
28919
28953
28955
28957
28963
28965
28967
28969
28971
28981
28983
28986
29002
29010
29037
29039
29041
29043
29044
29046
29048
29058
29066
29076
29085
29088
29093
29095
29102
29128
29129
29131
29139
29147
29149
29151
29153
29155
29168
29175
29177
29182
29190
29192
29194
29218
29228
29233
29235
29237
29239
29241
29243
29256
29260
29262
29294
29296
29301
29304
29306
29311
29344
29349
29351
29358
29360
29362
29365
29367
29368
29369
29374
29376
29379
29381
29383
29412
29414
29416
29440
29443
29445
29461
29463
29465
29466
29471
29473
29474
29475
29491
29493
29500
29502
29511
29540
29541
29596
29598
29600
29628
29630
29636
29637
29642
29662
29671
29677
29686
29691
29692
29693
29695
29698
29713
29716
29718
29720
29729
29730
29732
29744
29754
29756
29792
29811
29828
29835
29836
29838
29863
29871
29877
29885
29887
29895
29898
29900
29902
29908
29910
29911
29913
29928
29930
29932
29934
29939
29947
29948
29954
29960
29962
29964
29985
29991
29993
29999
30001
30003
30005
30007
30013
30019
30020
30025
30035
30056
30058
30060
30062
30063
30064
30066
30079
30081
30083
30085
30090
30102
30110
30127
30129
30131
30133
30141
30151
30156
30158
30179
30181
30193
30225
30230
30232
30234
30243
30253
30258
30261
30263
30264
30291
30300
30302
30304
30306
30315
30323
30330
30345
30347
30349
30351
30368
30370
30386
30387
30389
30391
30393
30396
30398
30404
30406
30408
30410
30412
30431
30446
30455
30457
30467
30468
30469
30474
30489
30491
30493
30495
30496
30497
30498
30515
30517
30521
30529
30531
30556
30558
30560
30561
30562
30571
30577
30582
30583
30603
30614
30616
30622
30647
30649
30655
30674
30686
30691
30693
30694
30696
30707
30709
30717
30719
30721
30726
30741
30753
30759
30761
30763
30765
30771
30793
30804
30805
30807
30809
30819
30821
30827
30829
30868
30875
30877
30891
30899
30905
30911
30924
30941
30951
30966
30972
30974
30979
30981
30986
31014
31016
31051
31066
31068
31070
31072
31073
31074
31088
31090
31095
31097
31104
31117
31118
31119
31124
31132
31133
31135
31137
31139
31152
31163
31174
31176
31178
31214
31216
31217
31225
31232
31251
31281
31283
31286
31288
31290
31316
31330
31365
31367
31381
31407
31414
31423
31424
31426
31428
31446
31447
31457
31459
31467
31473
31474
31476
31478
31480
31482
31488
31490
31492
31495
31497
31532
31534
31540
31546
31548
31550
31552
31554
31556
31574
31576
31578
31613
31648
31650
31665
31667
31669
31671
31673
31675
31676
31677
31678
31679
31680
31681
31683
31712
31714
31722
31728
31730
31732
31733
31734
31735
31736
31738
31768
31770
31772
31825
31839
31841
31843
31845
31846
31848
31877
31883
31888
31889
31890
31906
31912
31915
31917
31925
31927
31945
31962
31971
31973
31974
31976
31982
31993
31994
31995
31997
32021
32023
32026
32037
32038
32039
32052
32053
32055
32072
32074
32076
32078
32111
32114
32119
32125
32145
32150
32157
32159
32160
32161
32169
32174
32175
32190
32205
32207
32209
32238
32240
32241
32243
32245
32246
32247
32248
32265
32267
32292
32294
32300
32306
32318
32329
32335
32341
32353
32368
32370
32372
32375
32390
32391
32392
32399
32401
32420
32423
32425
32427
32434
32446
32448
32450
32452
32454
32462
32465
32467
32468
32469
32471
32473
32475
32477
32482
32483
32484
32485
32486
32506
32525
32527
32537
32552
32553
32554
32561
32567
32573
32575
32577
32579
32615
32616
32630
32632
32634
32636
32638
32643
32654
32672
32674
32677
32688
32690
32696
32698
32703
32704
32709
32710
32716
32717
32718
32719
32720
32722
32725
32727
32729
32740
32742
32763
32765
32770
32777
32778
32780
32785
32807
32808
32813
32820
32825
32827
32840
32854
32864
32876
32878
32884
32886
32901
32903
32908
32914
32915
32928
32929
32930
32938
32939
32940
32942
32944
32958
32975
32995
32996
33006
33008
33028
33030
33032
33034
33046
33051
33061
33062
33063
33064
33076
33087
33092
33093
33094
33096
33098
33100
33101
33107
33110
33112
33124
33126
33127
33129
33131
33133
33135
33156
33191
33206
33208
33209
33210
33215
33225
33227
33239
33257
33258
33259
33267
33269
33271
33279
33284
33321
33323
33325
33339
33375
33377
33379
33381
33382
33384
33387
33412
33432
33438
33440
33453
33454
33456
33461
33463
33464
33465
33470
33475
33477
33479
33492
33500
33507
33514
33516
33541
33542
33544
33550
33552
33592
33635
33636
33638
33640
33651
33654
33656
33662
33677
33702
33707
33709
33711
33713
33718
33723
33725
33728
33730
33750
33751
33753
33758
33760
33762
33768
33782
33794
33796
33812
33814
33826
33828
33831
33833
33835
33837
33842
33844
33846
33860
33872
33874
33882
33883
33884
33885
33886
33893
33900
33901
33903
33905
33907
33918
33924
33930
33939
33954
33956
33958
33960
33962
33974
33990
33997
33999
34016
34038
34047
34050
34052
34053
34077
34082
34100
34103
34109
34110
34119
34141
34143
34144
34146
34155
34161
34174
34176
34206
34208
34210
34212
34225
34227
34234
34236
34255
34257
34270
34286
34293
34304
34326
34328
34336
34338
34340
34342
34359
34361
34369
34371
34376
34379
34381
34382
34384
34386
34389
34391
34393
34402
34404
34407
34409
34418
34420
34446
34448
34456
34471
34472
34473
34474
34476
34485
34497
34520
34547
34563
34573
34575
34577
34584
34586
34588
34605
34620
34621
34623
34631
34639
34647
34656
34659
34665
34667
34672
34674
34676
34681
34682
34690
34699
34706
34709
34711
34713
34716
34724
34726
34732
34756
34757
34758
34760
34766
34768
34770
34772
34779
34781
34782
34783
34793
34801
34803
34828
34830
34833
34835
34846
34851
34857
34862
34864
34866
34867
34885
34890
34928
34930
34935
34937
34939
34951
34953
34979
34980
35011
35018
35020
35062
35064
35065
35080
35086
35087
35092
35094
35105
35107
35123
35124
35125
35137
35147
35149
35151
35153
35154
35155
35160
35166
35168
35170
35176
35177
35191
35202
35222
35230
35232
35239
35241
35242
35243
35245
35251
35253
35260
35263
35268
35269
35270
35271
35272
35273
35275
35281
35283
35289
35306
35319
35321
35324
35331
35342
35352
35354
35359
35367
35374
35377
35397
35398
35441
35455
35456
35465
35467
35469
35471
35482
35497
35522
35528
35545
35547
35553
35572
35574
35579
35581
35591
35601
35608
35625
35627
35628
35629
35635
35637
35649
35651
35657
35672
35674
35676
35677
35678
35679
35700
35703
35705
35707
35741
35744
35746
35752
35754
35781
35794
35799
35801
35803
35805
35812
35826
35850
35862
35875
35876
35877
35879
35886
35888
35889
35891
35901
35902
35903
35905
35913
35915
35923
35928
35929
35930
35932
35949
35952
35954
35973
35975
35995
36000
36001
36003
36008
36022
36024
36036
36038
36057
36059
36060
36069
36074
36079
36104
36106
36111
36138
36143
36164
36166
36182
36192
36194
36196
36205
36214
36221
36235
36237
36239
36241
36256
36257
36261
36275
36280
36287
36298
36300
36301
36303
36305
36307
36326
36343
36345
36350
36366
36368
36385
36390
36392
36394
36404
36418
36424
36427
36429
36431
36433
36448
36449
36450
36452
36454
36467
36477
36479
36489
36495
36512
36529
36531
36555
36561
36567
36569
36601
36612
36613
36614
36636
36639
36655
36660
36673
36680
36683
36685
36687
36701
36703
36705
36719
36721
36733
36742
36762
36763
36772
36785
36787
36788
36790
36793
36796
36798
36811
36816
36831
36833
36835
36875
36902
36921
36923
36928
36930
36932
36935
36937
36943
36945
36946
36947
36948
36964
36966
36969
36971
36973
36975
36988
36990
37006
37008
37010
37023
37028
37038
37049
37075
37090
37095
37112
37115
37117
37118
37125
37126
37127
37128
37130
37132
37134
37140
37142
37144
37159
37180
37203
37213
37220
37222
37242
37243
37250
37252
37263
37285
37287
37309
37311
37329
37335
37338
37343
37345
37348
37356
37376
37388
37390
37392
37401
37410
37412
37434
37441
37443
37450
37464
37490
37493
37499
37501
37503
37526
37528
37530
37532
37534
37537
37548
37559
37561
37566
37568
37570
37577
37579
37595
37602
37604
37609
37611
37612
37618
37620
37622
37627
37629
37631
37646
37648
37655
37668
37670
37672
37681
37683
37685
37696
37699
37717
37719
37746
37748
37756
37761
37763
37784
37790
37796
37821
37833
37835
37844
37845
37847
37864
37866
37883
37908
37910
37911
37912
37914
37942
37944
37945
37954
37956
37958
37987
37989
37991
37993
37994
38011
38013
38015
38029
38035
38049
38064
38065
38070
38089
38091
38092
38098
38105
38112
38114
38116
38119
38121
38123
38124
38125
38126
38139
38145
38147
38149
38151
38157
38159
38164
38173
38178
38187
38201
38206
38208
38214
38221
38223
38258
38259
38270
38273
38299
38300
38301
38302
38304
38315
38322
38324
38326
38329
38332
38334
38336
38338
38339
38340
38341
38342
38343
38344
38356
38372
38374
38388
38394
38397
38405
38413
38416
38419
38446
38452
38492
38500
38510
38512
38514
38516
38518
38541
38549
38563
38565
38579
38581
38584
38590
38592
38594
38596
38598
38606
38608
38618
38628
38630
38633
38665
38667
38670
38672
38674
38676
38701
38702
38703
38708
38709
38710
38711
38716
38741
38743
38751
38752
38753
38754
38755
38756
38758
38775
38777
38804
38817
38819
38830
38833
38839
38866
38869
38871
38873
38875
38877
38879
38887
38901
38907
38915
38917
38924
38926
38933
38935
38937
38939
38940
38942
38944
38955
38957
38988
38994
38995
38996
38997
39033
39050
39060
39062
39068
39070
39071
39084
39093
39100
39105
39110
39112
39125
39163
39166
39172
39174
39175
39184
39186
39188
39190
39191
