11
33
45
52
65
103
106
124
126
128
144
155
157
160
162
175
177
208
214
215
216
217
253
270
330
333
366
369
375
401
407
417
445
447
450
483
490
496
523
534
538
555
560
570
572
576
578
609
623
625
654
656
658
688
753
759
879
919
921
935
944
949
964
976
991
992
998
1005
1012
1019
1021
1023
1025
1045
1047
1051
1059
1064
1073
1078
1087
1101
1108
1124
1125
1167
1169
1171
1173
1174
1191
1193
1209
1215
1245
1281
1304
1305
1307
1343
1368
1370
1371
1372
1374
1410
1421
1425
1439
1457
1496
1524
1530
1546
1588
1590
1597
1599
1622
1642
1666
1675
1688
1690
1701
1743
1764
1790
1793
1799
1801
1803
1822
1823
1830
1832
1867
1891
1918
1923
1928
1978
1985
1988
1990
1992
1994
2019
2040
2080
2082
2104
2106
2111
2115
2148
2163
2168
2178
2189
2215
2251
2253
2350
2365
2366
2367
2368
2387
2401
2403
2421
2433
2463
2472
2493
2511
2516
2581
2594
2635
2678
2684
2687
2689
2691
2693
2709
2714
2737
2739
2755
2772
2820
2827
2841
2883
2885
2890
2908
2930
2932
2963
2984
2986
3025
3041
3059
3061
3076
3108
3136
3138
3157
3159
3160
3204
3211
3242
3255
3257
3268
3269
3282
3295
3303
3308
3309
3332
3360
3365
3404
3406
3412
3414
3454
3459
3463
3465
3472
3512
3531
3567
3591
3597
3614
3616
3661
3676
3689
3702
3717
3748
3765
3767
3773
3781
3783
3789
3806
3819
3821
3824
3842
3854
3859
3874
3897
3927
3931
3933
3934
3940
3948
3950
3956
3982
4010
4019
4021
4022
4025
4031
4033
4048
4049
4050
4051
4055
4071
4078
4080
4124
4147
4165
4167
4183
4184
4204
4268
4279
4291
4293
4320
4352
4377
4388
4401
4402
4403
4423
4471
4484
4505
4521
4531
4539
4582
4590
4606
4611
4613
4626
4656
4665
4677
4727
4786
4798
4800
4802
4819
4821
4836
4839
4844
4846
4849
4862
4864
4946
4967
4995
4997
5067
5070
5072
5073
5102
5129
5139
5186
5193
5200
5205
5218
5224
5230
5256
5258
5290
5297
5316
5331
5340
5342
5348
5374
5376
5408
5413
5415
5424
5440
5495
5498
5511
5514
5516
5567
5569
5583
5585
5590
5601
5605
5610
5615
5617
5640
5684
5741
5743
5795
5797
5804
5874
5958
5959
5969
5979
6026
6031
6041
6044
6056
6067
6076
6078
6090
6092
6104
6106
6109
6111
6113
6168
6188
6190
6199
6256
6303
6318
6320
6325
6347
6365
6416
6418
6426
6452
6454
6456
6458
6463
6474
6508
6510
6518
6523
6529
6530
6537
6542
6545
6547
6549
6584
6585
6586
6606
6627
6653
6677
6679
6721
6733
6771
6779
6803
6805
6807
6826
6830
6842
6845
6847
6853
6855
6857
6898
6900
6901
6903
6905
6906
6908
6952
6954
6966
7014
7097
7099
7109
7114
7115
7130
7145
7147
7165
7193
7213
7214
7215
7217
7243
7257
7258
7259
7272
7275
7325
7339
7345
7348
7388
7406
7458
7492
7510
7512
7513
7518
7550
7594
7614
7634
7636
7768
7787
7799
7807
7814
7818
7822
7837
7845
7852
7901
7903
7908
7910
7936
7988
8017
8024
8033
8035
8076
8117
8121
8131
8152
8250
8254
8264
8281
8328
8335
8337
8351
8371
8384
8414
8426
8431
8433
8459
8466
8481
8505
8511
8541
8549
8576
8578
8581
8582
8597
8667
8675
8686
8687
8691
8693
8696
8698
8710
8712
8755
8767
8768
8774
8791
8796
8833
8841
8843
8844
8871
8880
8884
8886
8910
8925
8948
8950
8987
8991
9016
9039
9092
9094
9100
9131
9133
9139
9147
9153
9165
9175
9196
9200
9202
9203
9204
9206
9219
9225
9248
9255
9258
9297
9307
9318
9331
9333
9354
9359
9367
9368
9386
9391
9395
9398
9418
9430
9432
9444
9492
9511
9576
9617
9651
9674
9676
9721
9735
9751
9753
9760
9762
9800
9802
9841
9844
9851
9884
9891
9898
9908
9948
9949
9951
9959
9973
10010
10038
10048
10055
10057
10076
10137
10148
10195
10235
10243
10272
10283
10299
10333
10343
10349
10370
10372
10386
10388
10399
10403
10421
10443
10459
10475
10479
10548
10592
10606
10637
10649
10651
10653
10758
10763
10777
10802
10809
10811
10813
10814
10832
10834
10838
10840
10843
10847
10852
10860
10878
10890
10895
10910
10932
10944
11026
11032
11048
11109
11128
11139
11169
11174
11176
11194
11209
11213
11219
11230
11255
11256
11257
11258
11260
11264
11271
11274
11279
11296
11305
11326
11351
11353
11355
11368
11385
11393
11411
11414
11431
11433
11451
11460
11469
11487
11489
11516
11522
11568
11571
11624
11632
11634
11636
11638
11640
11650
11670
11671
11673
11737
11739
11749
11751
11752
11754
11756
11774
11780
11805
11815
11824
11855
11926
11934
11972
11974
11978
11985
11987
12006
12009
12011
12012
12020
12051
12053
12072
12104
12123
12141
12191
12222
12224
12246
12259
12266
12285
12287
12309
12311
12316
12317
12325
12341
12343
12415
12417
12454
12489
12498
12506
12508
12510
12512
12530
12532
12534
12564
12566
12568
12571
12573
12619
12627
12668
12670
12691
12731
12746
12753
12774
12782
12819
12820
12864
12889
12890
12895
12896
12898
12900
12947
12999
13001
13006
13008
13051
13070
13072
13083
13090
13105
13127
13163
13250
13269
13301
13305
13313
13336
13355
13374
13376
13395
13397
13398
13404
13449
13460
13500
13541
13546
13560
13600
13604
13606
13623
13625
13659
13664
13672
13676
13708
13711
13717
13726
13751
13753
13828
13843
13861
13870
13872
13889
13900
13904
13975
13980
13990
13992
13994
14055
14057
14059
14060
14062
14064
14078
14088
14090
14123
14134
14136
14165
14181
14243
14246
14251
14266
14269
14289
14291
14294
14305
14314
14316
14345
14391
14456
14458
14459
14460
14462
14464
14466
14494
14517
14538
14540
14550
14555
14566
14589
14610
14612
14620
14621
14631
14646
14648
14650
14652
14654
14719
14732
14745
14755
14792
14815
14819
14823
14865
14878
14880
14911
14912
14913
14930
14936
14973
14998
15000
15003
15016
15027
15039
15041
15060
15096
15098
15100
15116
15153
15164
15185
15193
15195
15233
15244
15262
15264
15266
15284
15286
15288
15291
15311
15352
15389
15391
15397
15406
15419
15420
15441
15443
15489
15505
15506
15525
15579
15581
15633
15661
15682
15729
15736
15741
15749
15756
15771
15787
15789
15794
15796
15810
15817
15833
15835
15839
15844
15848
15865
15866
15957
15991
15998
15999
16019
16022
16073
16165
16180
16206
16241
16243
16248
16265
16267
16273
16283
16310
16352
16353
16356
16374
16377
16386
16388
16430
16435
16448
16457
16459
16501
16505
16507
16512
16539
16546
16548
16556
16560
16562
16580
16582
16618
16663
16665
16667
16672
16741
16744
16746
16752
16817
16830
16833
16841
16848
16866
16875
16888
16889
16895
16899
16907
16950
16965
16997
17047
17061
17062
17075
17082
17084
17086
17107
17111
17113
17133
17139
17146
17168
17212
17267
17273
17296
17298
17317
17336
17388
17398
17436
17440
17455
17468
17470
17472
17478
17492
17500
17502
17511
17540
17542
17566
17573
17598
17602
17620
17636
17654
17671
17697
17706
17768
17783
17797
17799
17837
17840
17842
17853
17855
17887
17891
17894
17935
17942
17944
17967
17969
17973
17997
17999
18001
18008
18025
18031
18037
18039
18042
18051
18078
18082
18130
18165
18175
18177
18186
18231
18273
18341
18462
18472
18474
18493
18503
18520
18539
18546
18558
18559
18576
18590
18597
18625
18643
18645
18683
18691
18732
18734
18747
18788
18851
18859
18887
18889
18890
18892
18894
18895
18897
18901
18909
18912
18914
18937
18953
18974
18983
18984
18986
18988
18999
19046
19080
19082
19088
19114
19116
19118
19146
19199
19201
19207
19209
19211
19213
19236
19241
19242
19243
19244
19245
19247
19249
19250
19251
19258
19281
19284
19290
19292
19296
19309
19311
19316
19511
19620
19628
19630
19636
19637
19653
19655
19698
19719
19721
19737
19828
19830
19867
19884
19942
19943
19945
19952
19958
19960
19984
19992
19994
20045
20048
20049
20060
20068
20069
20070
20098
20136
20137
20144
20161
20197
20204
20213
20234
20243
20248
20251
20253
20280
20319
20334
20356
20358
20360
20381
20391
20510
20546
20553
20565
20619
20620
20621
20625
20627
20659
20664
20666
20700
20702
20709
20721
20739
20787
20810
20834
20842
20865
20891
20893
20977
20979
20986
20994
21018
21020
21022
21040
21042
21044
21057
21097
21115
21117
21119
21164
21178
21189
21194
21217
21235
21245
21263
21265
21267
21269
21271
21292
21342
21353
21378
21394
21396
21445
21486
21488
21491
21501
21503
21512
21536
21538
21548
21604
21608
21610
21615
21617
21626
21631
21657
21680
21684
21686
21713
21717
21728
21730
21738
21774
21776
21780
21793
21795
21807
21810
21818
21832
21837
21865
21887
21901
21903
21922
21924
21925
21926
21943
21958
22013
22014
22039
22046
22059
22068
22076
22107
22112
22124
22126
22128
22132
22144
22203
22241
22242
22293
22301
22313
22322
22334
22335
22341
22349
22355
22357
22359
22371
22373
22401
22422
22465
22467
22479
22486
22495
22526
22565
22566
22577
22580
22600
22613
22622
22623
22638
22643
22709
22730
22732
22748
22750
22759
22778
22799
22811
22812
22817
22851
22862
22874
22888
22890
22907
22909
22931
22933
22934
22936
22957
22960
22962
23005
23009
23025
23026
23042
23043
23045
23065
23087
23159
23161
23208
23210
23225
23230
23252
23262
23268
23284
23286
23309
23352
23354
23360
23377
23382
23399
23424
23431
23434
23449
23464
23466
23486
23489
23559
23623
23636
23766
23773
23829
23842
23891
23893
23927
23929
23941
23990
23992
23993
24011
24013
24015
24050
24053
24114
24116
24160
24200
24202
24204
24217
24220
24222
24229
24231
24245
24262
24291
24298
24303
24305
24310
24331
24353
24355
24357
24360
24382
24397
24405
24415
24425
24427
24477
24479
24483
24516
24528
24559
24560
24572
24588
24592
24612
24614
24641
24643
24645
24647
24680
24684
24686
24712
24720
24722
24739
24747
24754
24756
24770
24772
24776
24802
24803
24805
24815
24817
24845
24862
24864
24889
24891
24902
24903
24931
24949
24961
24972
25014
25016
25031
25049
25120
25121
25122
25138
25139
25150
25161
25177
25183
25201
25203
25236
25238
25240
25244
25255
25256
25258
25269
25276
25320
25369
25373
25406
25416
25446
25463
25500
25506
25513
25523
25559
25560
25568
25578
25608
25617
25623
25636
25638
25640
25675
25705
25715
25721
25724
25730
25740
25750
25752
25754
25763
25778
25792
25796
25809
25819
25821
25823
25857
25858
25884
25900
25903
25909
25910
25944
25967
25970
25992
26005
26009
26011
26026
26027
26029
26062
26064
26071
26077
26090
26094
26105
26110
26123
26134
26141
26189
26197
26200
26247
26281
26284
26297
26308
26327
26329
26331
26362
26397
26399
26401
26444
26446
26474
26476
26487
26492
26498
26508
26581
26591
26621
26623
26629
26632
26634
26636
26638
26643
26646
26648
26650
26653
26660
26661
26670
26674
26687
26692
26706
26708
26711
26766
26795
26797
26808
26810
26897
26920
26922
26946
26966
26997
26999
27007
27009
27011
27014
27017
27029
27052
27054
27084
27103
27113
27115
27149
27186
27194
27196
27212
27227
27229
27232
27234
27239
27243
27245
27253
27262
27280
27320
27322
27324
27347
27362
27364
27369
27374
27376
27462
27464
27484
27493
27500
27534
27550
27552
27554
27556
27569
27575
27576
27589
27616
27622
27651
27662
27671
27681
27706
27729
27737
27741
27747
27765
27770
27791
27794
27796
27818
27823
27829
27867
27869
27871
27873
27950
27952
27954
27988
27996
28047
28068
28079
28092
28104
28106
28150
28152
28225
28227
28252
28255
28257
28283
28302
28303
28332
28334
28341
28343
28390
28395
28438
28439
28440
28445
28447
28460
28481
28538
28540
28557
28564
28567
28590
28591
28593
28632
28649
28651
28668
28700
28702
28711
28713
28715
28728
28735
28736
28737
28739
28741
28743
28745
28746
28756
28758
28760
28767
28815
28855
28858
28955
28957
28967
28981
28986
29037
29039
29044
29058
29088
29093
29095
29128
29129
29131
29149
29151
29182
29192
29239
29241
29243
29256
29294
29296
29344
29351
29358
29365
29367
29369
29374
29376
29379
29381
29383
29445
29473
29475
29500
29502
29511
29596
29600
29636
29671
29677
29691
29692
29693
29698
29713
29718
29720
29729
29792
29811
29836
29838
29863
29895
29908
29910
29930
29934
29939
29954
29960
29964
29985
29999
30001
30003
30020
30079
30083
30090
30127
30131
30133
30179
30193
30232
30243
30258
30261
30264
30315
30345
30347
30349
30368
30370
30386
30404
30406
30412
30446
30467
30468
30469
30489
30491
30495
30497
30517
30558
30561
30562
30571
30583
30603
30616
30647
30674
30707
30717
30719
30721
30753
30759
30763
30805
30807
30809
30819
30829
30868
30899
30905
30924
30941
30966
30974
30981
30986
31014
31016
31051
31066
31070
31072
31088
31090
31095
31097
31104
31117
31118
31119
31139
31152
31176
31214
31217
31232
31251
31286
31288
31365
31381
31414
31423
31424
31457
31459
31476
31478
31482
31490
31495
31497
31550
31556
31613
31665
31675
31676
31678
31680
31681
31683
31714
31730
31732
31733
31734
31735
31770
31772
31846
31848
31877
31883
31889
31890
31906
31915
31917
31945
31971
31974
31982
31994
32023
32026
32039
32072
32076
32111
32119
32145
32150
32157
32205
32207
32209
32247
32265
32292
32300
32318
32353
32368
32370
32390
32391
32399
32401
32423
32425
32446
32450
32469
32471
32473
32482
32483
32486
32527
32537
32552
32554
32561
32567
32573
32616
32696
32704
32709
32716
32717
32722
32727
32740
32763
32765
32770
32777
32778
32807
32808
32864
32884
32886
32901
32903
32908
32915
32938
32940
32975
32995
33006
33008
33028
33030
33061
33062
33063
33064
33087
33092
33093
33094
33112
33127
33129
33131
33135
33156
33206
33208
33209
33210
33215
33239
33258
33279
33284
33381
33412
33432
33454
33456
33464
33492
33514
33516
33541
33542
33544
33635
33636
33638
33640
33656
33677
33702
33709
33711
33713
33718
33750
33751
33753
33782
33826
33828
33831
33837
33842
33844
33846
33872
33882
33884
33885
33886
33900
33903
33905
33939
33974
33999
34052
34053
34100
34103
34109
34119
34141
34144
34146
34155
34161
34174
34206
34208
34234
34236
34286
34304
34342
34359
34371
34391
34393
34402
34404
34407
34409
34418
34420
34448
34472
34473
34474
34485
34547
34563
34584
34588
34620
34647
34659
34667
34672
34674
34682
34706
34711
34713
34724
34756
34758
34766
34768
34770
34772
34793
34801
34803
34828
34835
34846
34867
34890
34928
34937
34979
35018
35062
35065
35080
35086
35092
35094
35125
35137
35155
35160
35168
35176
35177
35202
35222
35239
35241
35243
35245
35251
35253
35260
35263
35270
35273
35342
35359
35374
35377
35465
35471
35497
35522
35528
35547
35553
35574
35579
35581
35591
35601
35608
35628
35629
35635
35637
35649
35672
35677
35678
35679
35700
35705
35746
35781
35812
35875
35876
35877
35879
35886
35889
35901
35905
35913
35915
35932
35973
35975
36000
36036
36069
36104
36138
36194
36205
36214
36235
36239
36256
36257
36261
36298
36305
36343
36366
36368
36385
36404
36418
36433
36449
36450
36454
36467
36477
36489
36531
36561
36567
36569
36613
36636
36639
36660
36673
36680
36683
36685
36687
36701
36703
36719
36721
36762
36772
36785
36788
36790
36875
36902
36928
36930
36935
36937
36945
36964
36966
36975
37008
37038
37095
37115
37117
37118
37125
37127
37140
37159
37213
37220
37222
37243
37263
37285
37343
37356
37376
37390
37401
37410
37412
37434
37441
37443
37450
37503
37528
37530
37532
37534
37537
37548
37559
37561
37611
37612
37618
37627
37629
37631
37648
37748
37756
37763
37796
37821
37845
37864
37866
37883
37912
37942
37944
37954
37956
37958
38013
38015
38029
38035
38049
38064
38070
38098
38116
38124
38139
38147
38157
38164
38178
38214
38270
38273
38302
38315
38332
38334
38336
38340
38341
38372
38397
38405
38413
38452
38541
38549
38565
38579
38581
38598
38606
38618
38628
38630
38633
38670
38701
38702
38708
38709
38711
38716
38743
38753
38756
38758
38777
38817
38833
38866
38869
38873
38875
38877
38879
38887
38907
38915
38917
38924
38955
38988
38994
