1
3
22
24
73
75
89
91
92
103
135
137
148
150
172
188
190
192
194
196
205
210
246
260
332
360
389
402
404
439
440
441
443
446
465
481
486
510
512
514
518
520
536
552
561
573
590
592
629
643
645
679
695
747
752
765
781
801
814
859
883
885
899
931
949
966
1001
1008
1017
1019
1020
1027
1042
1053
1058
1073
1102
1123
1150
1151
1186
1187
1189
1191
1227
1236
1339
1340
1352
1363
1369
1372
1386
1388
1392
1410
1432
1433
1492
1521
1559
1560
1561
1578
1602
1626
1632
1634
1639
1665
1705
1733
1736
1745
1799
1815
1816
1817
1915
1926
1933
1935
1936
1937
1942
1952
1970
1988
1992
2044
2048
2063
2070
2082
2113
2115
2123
2137
2139
2155
2166
2172
2192
2229
2231
2241
2243
2287
2289
2295
2342
2371
2389
2402
2438
2457
2459
2476
2479
2487
2494
2497
2539
2547
2549
2551
2553
2563
2585
2587
2642
2683
2717
2745
2750
2770
2778
2793
2807
2820
2837
2838
2846
2848
2857
2868
2895
2901
2937
2950
2955
2956
2973
2981
2994
2999
3001
3019
3028
3074
3081
3103
3121
3129
3131
3162
3171
3202
3204
3229
3231
3246
3266
3288
3290
3292
3293
3295
3307
3320
3353
3355
3367
3414
3419
3421
3426
3428
3430
3441
3450
3452
3454
3458
3479
3535
3538
3549
3551
3563
3606
3616
3621
3640
3700
3723
3724
3726
3756
3758
3792
3810
3896
3910
3911
3970
4014
4016
4033
4054
4117
4128
4130
4141
4143
4149
4159
4201
4202
4203
4209
4228
4236
4251
4257
4273
4307
4334
4363
4365
4382
4389
4454
4455
4495
4497
4509
4511
4581
4584
4598
4656
4658
4661
4663
4676
4685
4727
4728
4740
4764
4766
4806
4828
4841
4843
4851
4865
4888
4895
4908
4911
4914
4916
4919
4921
4997
5013
5045
5066
5068
5083
5112
5116
5163
5204
5206
5241
5271
5280
5296
5357
5388
5402
5426
5427
5429
5434
5466
5474
5476
5481
5504
5563
5569
5602
5604
5612
5630
5637
5640
5642
5693
5736
5742
5760
5763
5772
5841
5874
5891
5893
5895
5909
5912
5934
5947
5954
5956
5962
5965
5987
6061
6084
6115
6117
6119
6217
6230
6293
6307
6319
6333
6352
6413
6419
6461
6462
6469
6475
6477
6496
6517
6527
6534
6559
6593
6607
6621
6623
6625
6626
6627
6639
6641
6663
6665
6678
6743
6770
6788
6794
6808
6823
6880
6925
6959
6961
6966
6968
6989
7093
7095
7097
7116
7117
7118
7119
7169
7171
7173
7179
7184
7186
7188
7198
7210
7280
7291
7293
7295
7352
7358
7363
7370
7372
7374
7428
7433
7441
7446
7482
7484
7501
7532
7538
7539
7549
7553
7591
7593
7598
7613
7614
7637
7675
7706
7735
7741
7780
7794
7795
7797
7805
7808
7820
7823
7828
7830
7862
7878
7887
7892
7904
7906
7972
7990
7996
7998
8036
8038
8042
8046
8048
8050
8079
8107
8114
8117
8123
8127
8149
8210
8211
8213
8225
8227
8265
8275
8277
8284
8292
8294
8306
8308
8367
8374
8380
8382
8385
8444
8446
8448
8463
8472
8487
8496
8498
8516
8528
8532
8541
8545
8546
8548
8549
8550
8558
8579
8614
8627
8652
8698
8706
8707
8708
8711
8723
8729
8736
8749
8769
8771
8798
8813
8815
8835
8861
8879
8894
8896
8898
8902
8913
8916
8918
8924
8927
8929
8931
8977
8979
8981
8989
8997
9044
9046
9048
9079
9081
9111
9145
9147
9170
9191
9235
9287
9300
9314
9353
9360
9366
9397
9430
9432
9443
9445
9446
9449
9457
9463
9470
9472
9473
9486
9497
9521
9535
9537
9539
9576
9595
9597
9599
9635
9637
9701
9703
9770
9771
9779
9781
9804
9839
9865
9897
9965
9967
9988
9990
9999
10000
10002
10003
10005
10011
10017
10019
10020
10044
10046
10062
10064
10073
10083
10154
10165
10178
10191
10207
10208
10210
10223
10241
10259
10261
10326
10329
10345
10368
10393
10405
10409
10411
10417
10419
10455
10478
10495
10506
10523
10547
10554
10569
10571
10575
10577
10585
10587
10593
10606
10614
10618
10641
10643
10674
10684
10709
10711
10741
10742
10788
10789
10791
10802
10803
10804
10806
10808
10831
10843
10854
10887
10939
10952
10960
10986
11013
11018
11055
11085
11090
11117
11119
11122
11137
11139
11171
11177
11222
11269
11271
11301
11305
11315
11362
11378
11411
11420
11437
11464
11472
11494
11506
11507
11509
11511
11516
11518
11528
11530
11535
11617
11654
11666
11682
11695
11704
11706
11711
11724
11736
11739
11753
11800
11811
11824
11869
11870
11871
11876
11915
11921
11946
11948
11979
12013
12021
12042
12044
12047
12049
12065
12067
12088
12090
12092
12098
12111
12144
12171
12192
12221
12225
12228
12262
12359
12375
12405
12409
12411
12413
12415
12440
12454
12456
12460
12475
12477
12483
12494
12502
12504
12506
12520
12558
12560
12562
12628
12646
12648
12704
12746
12753
12776
12799
12801
12809
12810
12812
12822
12830
12834
12856
12873
12874
12880
12889
12936
12946
12966
12967
12984
12985
12999
13005
13007
13063
13065
13073
13131
13133
13135
13141
13174
13184
13186
13187
13233
13295
13297
13306
13362
13369
13384
13399
13418
13437
13440
13450
13462
13484
13496
13498
13500
13502
13504
13505
13506
13520
13522
13560
13599
13605
13624
13630
13631
13633
13648
13655
13664
13683
13703
13707
13750
13788
13790
13791
13810
13815
13831
13833
13835
13845
13852
13857
13884
13886
13888
13893
13896
13900
13910
13918
13980
13994
14013
14019
14047
14060
14062
14069
14103
14105
14107
14108
14110
14112
14114
14118
14155
14217
14229
14230
14231
14237
14277
14288
14308
14310
14312
14313
14355
14384
14391
14393
14405
14406
14407
14414
14468
14470
14485
14529
14536
14540
14542
14586
14592
14598
14599
14600
14601
14603
14625
14628
14654
14706
14708
14712
14714
14716
14729
14752
14754
14761
14763
14768
14799
14823
14840
14842
14862
14875
14882
14889
14918
14936
14941
14944
14946
14948
14950
15012
15038
15047
15060
15107
15129
15139
15190
15209
15218
15232
15244
15260
15266
15289
15300
15310
15314
15321
15328
15339
15345
15384
15437
15475
15506
15537
15549
15559
15566
15584
15586
15590
15600
15629
15637
15639
15649
15658
15667
15668
15669
15703
15711
15712
15732
15745
15765
15791
15814
15816
15821
15832
15861
15865
15901
15908
15914
15926
15928
15934
15999
16062
16080
16082
16085
16087
16089
16114
16115
16153
16155
16170
16171
16172
16177
16189
16191
16209
16240
16247
16250
16252
16261
16271
16288
16293
16298
16336
16353
16355
16372
16374
16403
16421
16423
16425
16451
16463
16464
16465
16466
16468
16470
16508
16552
16557
16600
16640
16642
16644
16695
16720
16738
16775
16788
16797
16804
16810
16812
16815
16825
16838
16844
16888
16890
16892
16894
16896
16897
16898
16923
16933
16948
16970
16974
16981
16982
16984
16986
16988
16991
16993
17057
17059
17061
17073
17141
17145
17191
17217
17249
17251
17279
17289
17296
17298
17315
17316
17317
17318
17320
17325
17360
17366
17380
17408
17413
17433
17451
17453
17468
17470
17475
17484
17504
17514
17526
17536
17538
17540
17584
17621
17656
17669
17670
17673
17720
17732
17747
17776
17780
17800
17828
17830
17839
17841
17843
17865
17900
17942
17962
17981
17986
17993
17998
18012
18033
18035
18064
18088
18096
18106
18116
18130
18141
18161
18182
18228
18253
18263
18277
18278
18279
18304
18312
18318
18357
18385
18387
18393
18407
18409
18431
18434
18437
18467
18484
18486
18490
18515
18516
18531
18536
18553
18555
18574
18602
18604
18646
18693
18724
18727
18765
18776
18813
18815
18824
18839
18849
18860
18869
18877
18951
18953
18958
18961
18992
19003
19021
19076
19082
19084
19103
19109
19111
19158
19169
19170
19172
19174
19191
19193
19194
19195
19203
19214
19229
19235
19246
19249
19251
19255
19265
19302
19317
19500
19504
19506
19567
19589
19630
19642
19655
19660
19663
19665
19676
19687
19689
19690
19691
19692
19694
19749
19751
19765
19840
19883
19891
19893
19894
19901
19914
19946
19949
19951
19953
19987
20044
20050
20061
20078
20083
20084
20104
20108
20136
20154
20161
20162
20184
20186
20207
20213
20230
20251
20252
20266
20273
20314
20351
20362
20364
20376
20379
20380
20400
20402
20404
20417
20419
20422
20435
20437
20446
20448
20450
20457
20471
20473
20496
20498
20506
20523
20525
20571
20586
20590
20620
20622
20623
20630
20631
20633
20636
20643
20653
20674
20692
20740
20765
20789
20793
20801
20819
20827
20838
20854
20867
20868
20869
20888
20923
20938
20939
20955
20956
20957
20967
21002
21004
21019
21026
21056
21113
21133
21182
21185
21193
21201
21211
21213
21220
21232
21241
21255
21257
21269
21283
21307
21328
21330
21339
21377
21426
21436
21442
21449
21453
21500
21510
21512
21534
21553
21555
21557
21572
21586
21603
21611
21637
21644
21658
21660
21668
21737
21748
21751
21753
21800
21808
21828
21830
21861
21899
21909
21916
21918
21928
21932
21951
21956
21965
22006
22010
22012
22052
22054
22060
22079
22087
22091
22117
22154
22161
22162
22171
22173
22175
22203
22205
22248
22253
22267
22269
22270
22272
22283
22348
22356
22358
22368
22373
22384
22427
22460
22471
22528
22532
22534
22537
22544
22565
22577
22579
22581
22603
22605
22607
22608
22664
22703
22721
22725
22751
22752
22755
22761
22763
22764
22768
22770
22772
22774
22779
22784
22785
22828
22830
22832
22875
22877
22878
22931
22954
22956
22961
22972
22996
23002
23004
23006
23030
23049
23051
23068
23069
23074
23123
23124
23126
23139
23202
23216
23218
23220
23229
23249
23269
23281
23283
23300
23307
23321
23328
23336
23354
23380
23383
23403
23412
23426
23444
23445
23465
23474
23492
23512
23526
23529
23552
23566
23570
23578
23580
23595
23599
23629
23635
23636
23637
23652
23689
23695
23697
23730
23764
23766
23800
23829
23831
23852
23861
23862
23868
23901
23931
23933
23959
23981
23988
23989
23990
24005
24010
24029
24036
24050
24071
24082
24095
24112
24160
24190
24193
24240
24242
24255
24293
24324
24333
24346
24354
24361
24366
24368
24411
24414
24492
24532
24540
24543
24545
24560
24565
24567
24583
24594
24661
24723
24725
24756
24762
24776
24783
24786
24788
24808
24841
24846
24884
24891
24893
24902
24904
24906
24912
24936
24937
24939
24952
24954
24957
24959
24961
24963
24971
24973
24994
24995
24997
25010
25017
25055
25057
25073
25082
25120
25155
25163
25176
25178
25185
25218
25220
25222
25225
25228
25236
25240
25250
25285
25323
25351
25354
25356
25384
25411
25413
25415
25446
25448
25450
25451
25453
25455
25472
25473
25486
25488
25499
25507
25521
25531
25548
25564
25597
25620
25647
25655
25676
25678
25682
25686
25692
25694
25696
25698
25711
25724
25766
25777
25793
25822
25829
25844
25867
25874
25876
25893
25897
25903
25921
25922
25927
25943
25945
25947
25953
25996
26045
26081
26083
26113
26140
26151
26153
26155
26161
26189
26212
26236
26243
26267
26284
26285
26287
26305
26307
26309
26310
26326
26334
26336
26343
26354
26356
26389
26392
26402
26430
26438
26483
26496
26498
26508
26510
26512
26552
26564
26574
26580
26582
26584
26600
26611
26613
26617
26623
26629
26655
26660
26662
26668
26695
26773
26775
26779
26806
26825
26827
26829
26831
26838
26847
26850
26857
26876
26892
26894
26907
26928
26962
26980
26982
26984
27025
27027
27032
27045
27047
27049
27058
27068
27089
27090
27091
27117
27151
27206
27208
27238
27263
27273
27284
27304
27311
27313
27315
27380
27401
27406
27409
27411
27413
27416
27485
27500
27501
27503
27506
27515
27558
27559
27569
27571
27589
27594
27597
27607
27614
27618
27633
27657
27671
27723
27731
27742
27750
27778
27800
27802
27803
27817
27827
27830
27837
27840
27852
27906
27929
27945
27947
27961
27963
27965
27975
27988
28017
28046
28052
28054
28059
28079
28085
28117
28126
28141
28219
28231
28235
28236
28237
28302
28303
28304
28319
28322
28331
28354
28385
28387
28389
28407
28411
28421
28423
28438
28452
28464
28471
28518
28547
28566
28585
28589
28590
28607
28623
28631
28637
28645
28666
28674
28676
28685
28723
28735
28737
28743
28745
28765
28767
28769
28795
28797
28801
28812
28835
28847
28861
28871
28881
28883
28920
28921
28935
28944
28946
28958
28959
28977
28983
28985
28996
28997
28998
28999
29007
29054
29055
29065
29067
29084
29095
29110
29117
29168
29170
29179
29181
29183
29185
29187
29188
29189
29202
29221
29226
29227
29246
29261
29297
29299
29319
29340
29357
29361
29403
29405
29407
29472
29492
29600
29625
29659
29660
29684
29697
29719
29732
29745
29760
29762
29774
29776
29780
29791
29793
29795
29797
29865
29867
29887
29890
29904
29920
29933
29935
29953
29963
29965
29971
30011
30013
30037
30053
30087
30093
30095
30126
30127
30136
30146
30148
30190
30201
30209
30218
30219
30221
30230
30255
30286
30301
30314
30324
30333
30338
30344
30347
30349
30352
30406
30408
30443
30461
30471
30473
30475
30498
30521
30525
30532
30543
30552
30555
30558
30560
30568
30594
30597
30607
30632
30703
30708
30732
30756
30774
30776
30790
30792
30805
30815
30817
30824
30827
30829
30880
30886
30909
30926
30927
30928
30960
30961
30978
30979
31030
31032
31055
31127
31136
31137
31139
31140
31142
31146
31197
31217
31231
31244
31258
31269
31296
31298
31330
31345
31355
31365
31401
31425
31427
31429
31440
31441
31443
31464
31466
31483
31488
31551
31553
31577
31598
31615
31616
31648
31653
31660
31688
31689
31703
31748
31749
31750
31767
31772
31791
31797
31824
31826
31848
31852
31854
31856
31863
31946
31949
31951
31953
31966
31981
31982
31984
31992
32011
32013
32046
32060
32066
32083
32155
32157
32177
32243
32245
32247
32265
32277
32299
32329
32361
32364
32409
32430
32443
32456
32480
32483
32487
32519
32521
32526
32529
32540
32541
32559
32561
32563
32564
32565
32585
32593
32616
32629
32633
32641
32647
32649
32657
32674
32676
32699
32701
32707
32767
32779
32794
32812
32876
32902
32904
32907
32925
32959
32991
32993
33004
33096
33099
33107
33139
33160
33229
33231
33254
33259
33262
33265
33286
33287
33296
33340
33342
33344
33352
33354
33394
33478
33497
33500
33502
33508
33510
33513
33515
33527
33536
33538
33547
33548
33583
33595
33611
33614
33616
33621
33645
33703
33746
33761
33766
33777
33808
33822
33847
33867
33869
33915
33917
33919
33921
33929
33931
33941
33971
33973
33980
33990
33992
34043
34051
34085
34087
34177
34179
34181
34187
34202
34204
34206
34208
34210
34225
34234
34237
34273
34280
34282
34283
34285
34300
34304
34358
34360
34362
34391
34393
34400
34405
34411
34435
34478
34504
34505
34510
34554
34603
34607
34608
34609
34620
34634
34663
34681
34700
34702
34706
34745
34752
34806
34812
34819
34824
34835
34849
34851
34860
34861
34869
34882
34888
34911
34913
34915
34917
34932
34941
34978
34979
34994
35009
35020
35042
35062
35068
35109
35145
35187
35200
35225
35230
35234
35236
35290
35292
35309
35331
35332
35396
35401
35444
35446
35475
35480
35483
35511
35534
35536
35538
35595
35598
35601
35623
35654
35700
35702
35707
35730
35757
35761
35768
35777
35779
35781
35785
35800
35803
35821
35823
35849
35850
35866
35908
35910
35927
35954
35973
35981
36000
36009
36011
36021
36029
36062
36082
36102
36104
36136
36142
36151
36153
36200
36230
36233
36267
36279
36306
36326
36397
36421
36423
36425
36439
36440
36469
36476
36485
36490
36531
36533
36535
36603
36641
36662
36757
36776
36777
36779
36792
36793
36794
36795
36797
36798
36808
36821
36843
36853
36875
36877
36879
36880
36922
36924
36954
36955
36956
36957
36976
36978
36980
36983
36997
36999
37023
37025
37032
37046
37048
37050
37052
37067
37089
37091
37132
37154
37174
37176
37178
37184
37211
37219
37222
37241
37269
37298
37335
37342
37344
37351
37353
37355
37357
37370
37385
37390
37392
37405
37420
37435
37447
37472
37541
37547
37560
37567
37600
37612
37619
37641
37643
37655
37662
37679
37681
37704
37717
37719
37786
37795
37797
37815
37828
37879
37894
37912
37926
37932
37943
37950
38007
38011
38024
38038
38043
38045
38101
38102
38103
38120
38123
38127
38158
38160
38171
38178
38180
38195
38250
38252
38279
38298
38328
38329
38405
38412
38414
38425
38443
38454
38461
38487
38501
38503
38513
38575
38629
38635
38637
38641
38658
38659
38662
38664
38666
38673
38698
38700
38701
38734
38738
38740
38756
38772
38824
38845
38856
38858
38859
38860
38868
38889
38902
38904
38906
38926
38928
38990
39026
