103
128
155
157
175
177
215
217
333
401
417
445
447
523
534
560
570
572
576
609
656
658
688
976
991
992
1005
1019
1021
1045
1059
1087
1174
1191
1193
1305
1307
1343
1524
1546
1588
1597
1599
1642
1688
1701
1790
1799
1823
1830
1832
1891
1923
1928
1978
1988
1990
2019
2080
2082
2104
2106
2111
2178
2251
2365
2367
2368
2401
2403
2421
2463
2472
2493
2516
2691
2709
2714
2737
2739
2772
2883
2885
2890
2908
2930
3059
3076
3211
3255
3257
3269
3282
3303
3365
3404
3463
3465
3821
3854
3859
3933
4021
4025
4033
4051
4055
4291
4293
4352
4388
4401
4403
4505
4606
4611
4613
4626
4677
4727
4798
4800
4802
4844
4846
4862
4967
4995
4997
5067
5230
5256
5258
5297
5316
5348
5415
5498
5514
5569
5583
5585
5590
5601
5741
5743
5797
5804
5958
5959
6076
6090
6188
6190
6318
6452
6454
6456
6510
6537
6542
6545
6547
6584
6586
6677
6733
6830
6853
6855
6857
6898
6903
6908
6952
6954
7145
7257
7258
7339
7348
7388
7406
7492
7510
7518
7594
7634
7636
7768
7799
7807
7901
7903
8033
8076
8117
8250
8335
8384
8431
8433
8505
8549
8578
8581
8597
8696
8698
8710
8755
8768
8884
8886
8987
9039
9139
9175
9200
9219
9331
9333
9354
9359
9391
9395
9430
9651
9721
9762
9800
9802
9841
9949
9951
9973
10010
10048
10137
10148
10235
10272
10283
10299
10333
10343
10370
10388
10403
10443
10475
10479
10548
10592
10606
10649
10651
10653
10758
10809
10811
10814
10838
10852
10890
10944
11109
11174
11176
11256
11353
11355
11414
11431
11433
11634
11636
11638
11640
11671
11749
11754
11756
11815
11934
11974
11985
11987
12006
12011
12072
12141
12191
12222
12246
12259
12285
12287
12309
12311
12325
12415
12417
12506
12508
12510
12512
12530
12532
12534
12564
12668
12670
12731
12819
12896
12898
12900
12999
13051
13090
13250
13269
13301
13305
13336
13395
13397
13625
13672
13676
13717
13861
13870
13872
13900
13904
13990
13992
13994
14060
14078
14088
14289
14305
14391
14456
14458
14460
14462
14464
14494
14538
14540
14610
14612
14998
15000
15003
15027
15096
15098
15116
15185
15193
15195
15284
15286
15288
15291
15389
15391
15397
15406
15420
15736
15771
15787
15789
15794
15817
15957
15999
16273
16353
16386
16388
16505
16507
16556
16560
16562
16665
16667
16744
16746
16817
16895
16907
16997
17047
17062
17084
17107
17111
17146
17267
17298
17336
17388
17398
17440
17455
17470
17500
17540
17542
17620
17671
17768
17797
17840
17842
17942
17944
17967
17969
17999
18008
18082
18130
18165
18175
18177
18231
18341
18462
18472
18474
18503
18520
18645
18732
18887
18901
18937
18953
18984
18986
19088
19114
19116
19118
19146
19199
19201
19207
19209
19211
19213
19236
19241
19242
19243
19244
19245
19247
19249
19284
19292
19296
19316
19628
19630
19636
19637
19653
19721
19830
19867
19960
19992
20045
20049
20060
20069
20070
20144
20161
20334
20510
20553
20565
20620
20621
20625
20627
20659
20664
20666
20700
20709
20721
20842
20865
20891
20986
20994
21022
21040
21042
21044
21117
21119
21164
21178
21194
21235
21263
21265
21267
21342
21396
21486
21512
21604
21608
21610
21617
21626
21631
21684
21686
21717
21728
21776
21793
21795
21807
21901
21924
21926
21943
21958
22014
22112
22126
22128
22242
22293
22301
22357
22359
22373
22401
22730
22812
22817
22862
22874
22888
22890
22907
22909
22934
22957
22960
22962
23009
23262
23268
23286
23377
23382
23489
23636
23829
23927
23990
23992
24116
24200
24202
24204
24229
24245
24298
24331
24355
24357
24405
24415
24425
24477
24479
24560
24572
24588
24641
24647
24680
24684
24686
24739
24754
24770
24772
24776
24864
24889
24972
25014
25016
25122
25150
25201
25203
25236
25238
25240
25256
25258
25369
25513
25560
25617
25636
25638
25640
25715
25763
25778
25819
25944
25970
25992
26011
26029
26071
26090
26094
26110
26189
26327
26329
26331
26362
26397
26399
26401
26444
26446
26476
26487
26492
26591
26632
26634
26636
26643
26648
26650
26653
26674
26687
26706
26711
26795
27009
27014
27052
27054
27149
27234
27245
27253
27324
27362
27534
27550
27552
27554
27556
27575
27576
27616
27681
27794
27823
27869
27871
27873
27950
27952
28092
28104
28106
28150
28255
28257
28283
28332
28341
28343
28440
28445
28447
28538
28564
28591
28593
28649
28668
28700
28702
28711
28735
28737
28739
28741
28746
28855
28967
28986
29039
29058
29131
29149
29151
29239
29351
29374
29379
29381
29383
29445
29473
29475
29500
29600
29691
29718
29720
29836
29838
29895
29908
29910
29934
29964
29999
30001
30003
30079
30083
30131
30133
30258
30315
30495
30571
30603
30616
30674
30707
30719
30721
30763
30805
30807
30809
30868
30899
30905
30974
31014
31016
31066
31097
31119
31139
31152
31286
31288
31365
31478
31497
31613
31678
31683
31730
31732
31733
31734
31848
31890
31906
31915
31917
32039
32072
32076
32157
32353
32368
32370
32446
32471
32482
32704
32722
32727
32763
32777
32808
32901
32903
32908
32995
33092
33094
33129
33206
33208
33209
33454
33456
33464
33702
33711
33713
33751
33753
33782
33826
33842
33882
33884
33886
33900
34052
34144
34146
34206
34208
34236
34391
34393
34473
34485
34667
34672
34674
34711
34713
34724
34756
34758
34770
34772
34801
34803
34835
34928
34979
35155
35241
35243
35245
35270
35342
35465
35471
35528
35547
35629
35679
35889
35901
35905
35915
36194
36205
36235
36239
36256
36257
36305
36343
36366
36368
36385
36404
36449
36613
36660
36673
36683
36703
36719
36721
36772
36788
36928
36930
36937
36966
37008
37038
37115
37222
37285
37356
37434
37503
37528
37530
37532
37534
37559
37561
37611
37627
37796
37821
37866
37883
37942
37944
37954
37956
38124
38178
38273
38334
38341
38397
38579
38581
38628
38709
38711
38756
38758
38777
38817
38873
38875
38877
38879
38915
38917
