1
3
75
135
137
148
192
194
205
260
439
441
443
486
510
518
752
814
859
899
1001
1017
1073
1187
1227
1369
1386
1388
1392
1432
1559
1561
1632
1634
1816
1817
1926
1935
1936
1970
1992
2070
2082
2123
2137
2139
2229
2231
2241
2243
2287
2289
2295
2402
2457
2476
2487
2494
2551
2553
2642
2793
2807
2846
2848
2857
2868
2901
3129
3131
3202
3204
3229
3246
3288
3290
3292
3355
3367
3414
3419
3426
3428
3430
3450
3452
3454
3458
3538
3910
3970
4128
4202
4209
4307
4382
4389
4495
4497
4598
4658
4661
4663
4676
4766
4841
4888
4908
4911
4914
4916
4997
5013
5116
5163
5204
5241
5402
5427
5429
5602
5693
5874
5891
5893
5909
5934
6061
6119
6319
6477
6517
6559
6607
6641
6663
6788
6794
6880
6966
6968
7095
7097
7116
7118
7119
7169
7171
7173
7184
7198
7358
7372
7374
7433
7482
7484
7539
7591
7593
7675
7706
7735
7808
7820
7828
7830
7887
7996
7998
8036
8042
8048
8114
8117
8123
8127
8149
8211
8213
8275
8277
8385
8444
8446
8448
8545
8548
8549
8723
8736
8769
8771
8813
8861
8894
8896
8898
8902
8916
8918
8924
8929
8931
8977
8979
8981
8997
9079
9081
9111
9170
9314
9430
9432
9443
9445
9537
9539
9595
9701
9703
9781
9839
9965
9967
9990
9999
10000
10003
10005
10011
10017
10062
10178
10207
10223
10259
10329
10368
10419
10554
10575
10577
10585
10587
10593
10709
10711
10741
10742
10789
10887
10952
11013
11117
11119
11171
11269
11271
11420
11507
11509
11511
11516
11528
11530
11535
11617
11682
11811
11824
11869
11915
11979
12065
12088
12090
12092
12171
12359
12375
12405
12409
12411
12413
12454
12562
12834
12856
12880
12936
12946
12966
13174
13233
13295
13297
13369
13399
13437
13500
13502
13504
13522
13599
13631
13655
13664
13750
13810
13831
13833
13852
14013
14019
14060
14062
14103
14110
14112
14114
14155
14217
14237
14288
14313
14355
14384
14406
14407
14540
14542
14586
14599
14708
14752
14754
14862
14946
15038
15047
15314
15384
15559
15584
15586
15590
15637
15649
15669
15712
15732
15814
15816
15861
15865
15901
15908
15914
15999
16080
16082
16153
16247
16250
16252
16261
16336
16353
16355
16466
16468
16640
16738
16810
16888
16890
16892
16898
16948
16981
16982
16984
16986
16991
16993
17141
17217
17279
17298
17317
17408
17433
17475
17504
17536
17538
17747
17776
17800
17843
17942
18035
18064
18096
18116
18130
18278
18279
18304
18318
18385
18387
18393
18409
18434
18555
18693
18727
18813
18869
18958
18992
19076
19082
19084
19103
19158
19170
19172
19174
19191
19193
19194
19195
19203
19214
19229
19251
19500
19504
19630
19663
19665
19689
19691
19692
19694
19749
19765
19949
19951
19953
19987
20050
20104
20207
20213
20230
20252
20314
20376
20379
20380
20400
20402
20404
20419
20435
20437
20446
20448
20473
20496
20498
20620
20740
20868
20939
20956
20967
21004
21201
21211
21213
21255
21339
21377
21436
21500
21510
21512
21534
21553
21555
21557
21603
21611
21644
21668
21737
21899
21916
21918
21965
22117
22154
22173
22253
22267
22269
22270
22272
22356
22358
22368
22373
22579
22603
22605
22607
22703
22721
22725
22761
22763
22768
22770
22772
22774
22784
22828
22830
22878
22954
22956
22996
23002
23004
23006
23051
23069
23126
23281
23283
23336
23380
23445
23578
23595
23636
23637
23652
23697
23766
23852
23862
23931
23933
23990
24082
24240
24242
24255
24293
24324
24346
24366
24540
24543
24545
24560
24723
24725
24762
24776
24783
24786
24788
24841
24846
24891
24893
24906
24912
24937
24939
24952
24957
24959
24961
24963
24971
24995
24997
25010
25017
25057
25120
25163
25218
25220
25222
25228
25240
25354
25411
25413
25415
25448
25450
25473
25620
25676
25678
25686
25692
25694
25696
25777
25874
25876
25922
25943
25945
25996
26045
26153
26155
26212
26236
26267
26285
26287
26305
26307
26334
26336
26389
26392
26508
26510
26512
26552
26584
26600
26611
26613
26617
26623
26773
26779
26806
26829
26831
26847
26962
26982
27045
27047
27049
27068
27089
27091
27238
27313
27406
27501
27503
27506
27515
27569
27571
27597
27618
27723
27778
27802
27827
27929
27947
27961
27963
27965
27975
27988
28052
28054
28079
28085
28319
28354
28385
28387
28389
28452
28464
28518
28547
28585
28623
28631
28637
28674
28723
28735
28737
28767
28795
28812
28861
28871
28881
28883
28935
28958
28985
28997
28999
29007
29054
29055
29065
29084
29110
29168
29170
29183
29185
29187
29188
29246
29297
29299
29357
29403
29659
29719
29760
29762
29776
29791
29865
29867
29933
29935
29953
29965
29971
30146
30148
30201
30255
30301
30324
30349
30406
30408
30471
30473
30475
30521
30558
30597
30756
30774
30776
30790
30805
30815
30817
30824
30827
30928
31030
31032
31055
31127
31136
31140
31142
31146
31296
31298
31355
31464
31551
31553
31598
31616
31653
31660
31748
31772
31848
31852
31854
31949
31951
31953
31981
31982
31984
31992
32060
32066
32155
32177
32299
32329
32430
32519
32521
32526
32540
32541
32563
32565
32616
32633
32649
32674
32676
32699
32779
32812
32902
32925
32993
33107
33259
33262
33287
33340
33342
33344
33352
33354
33500
33510
33536
33538
33583
33595
33611
33614
33616
33746
33867
33869
33921
33929
33941
33971
33973
33990
33992
34043
34085
34181
34187
34202
34204
34206
34208
34210
34234
34283
34285
34300
34391
34400
34411
34478
34607
34609
34634
34681
34812
34861
34911
34913
34915
34917
35009
35042
35068
35109
35145
35230
35234
35236
35444
35534
35536
35538
35700
35702
35707
35730
35757
35761
35768
35785
35821
35823
35908
35910
35954
35973
36011
36021
36029
36082
36102
36104
36142
36153
36423
36425
36439
36469
36476
36531
36533
36535
36603
36662
36757
36776
36777
36779
36792
36794
36795
36798
36875
36877
36924
36954
36956
36957
36978
36983
36999
37048
37050
37052
37089
37132
37241
37335
37351
37353
37355
37357
37370
37385
37447
37541
37619
37641
37643
37679
37681
37719
37795
37797
37879
37894
37926
37943
37950
38011
38043
38045
38101
38103
38158
38160
38171
38178
38195
38298
38328
38412
38414
38425
38501
38503
38575
38629
38635
38637
38641
38662
38664
38666
38734
38738
38740
38856
38858
38859
38860
38868
38889
38902
38904
