35
76
78
79
80
86
88
109
111
122
124
127
141
162
164
166
234
236
238
240
255
281
283
355
407
409
415
417
428
472
474
485
524
535
540
621
638
668
671
719
721
723
766
778
780
789
790
791
798
815
843
850
911
943
945
1032
1057
1059
1067
1074
1094
1106
1137
1139
1141
1143
1179
1232
1255
1257
1281
1297
1348
1353
1359
1381
1383
1391
1405
1407
1467
1507
1509
1541
1603
1635
1649
1651
1653
1655
1657
1666
1668
1670
1672
1712
1732
1837
1838
1839
1841
1843
1859
1870
1908
1910
1912
1914
1947
1949
2015
2017
2064
2094
2096
2097
2169
2175
2177
2196
2197
2199
2206
2212
2214
2215
2216
2218
2220
2250
2270
2272
2303
2325
2350
2362
2403
2405
2417
2419
2421
2449
2456
2458
2509
2511
2513
2515
2517
2521
2523
2567
2569
2575
2682
2684
2693
2713
2737
2756
2767
2774
2831
2833
2841
2847
2849
2902
2922
2924
3008
3010
3054
3073
3080
3082
3087
3110
3126
3128
3130
3137
3139
3141
3148
3165
3181
3189
3201
3203
3205
3234
3384
3409
3411
3440
3474
3476
3478
3480
3482
3484
3509
3526
3534
3566
3568
3570
3572
3603
3635
3645
3647
3694
3699
3706
3708
3710
3720
3730
3732
3734
3736
3738
3789
3818
3820
3822
3846
3848
3850
3852
3887
3889
3921
3936
3971
3973
3975
3977
4040
4098
4152
4154
4190
4192
4227
4229
4250
4252
4254
4299
4301
4378
4406
4407
4408
4435
4451
4472
4480
4482
4489
4571
4580
4587
4589
4591
4641
4647
4649
4662
4664
4666
4668
4669
4670
4672
4694
4743
4745
4747
4775
4777
4783
4825
4842
4878
4938
4941
4943
4949
4954
4956
4961
4991
4993
5010
5012
5046
5119
5121
5167
5168
5169
5170
5188
5190
5191
5192
5193
5194
5196
5277
5293
5360
5370
5383
5396
5398
5440
5441
5443
5455
5480
5482
5484
5492
5494
5521
5530
5663
5679
5681
5682
5705
5707
5709
5759
5794
5807
5809
5856
5882
5905
5943
5973
5975
6006
6008
6033
6039
6041
6072
6154
6171
6173
6189
6214
6216
6239
6265
6280
6301
6339
6341
6346
6360
6361
6362
6383
6385
6399
6401
6436
6466
6530
6531
6545
6599
6679
6681
6709
6720
6722
6724
6726
6757
6797
6805
6811
6813
6815
6837
6839
6841
6875
6885
6887
6889
6891
6893
6921
6922
6924
6932
6941
6943
7038
7068
7070
7072
7074
7085
7153
7155
7160
7162
7197
7225
7246
7248
7251
7265
7270
7272
7319
7331
7333
7375
7377
7378
7396
7398
7399
7401
7449
7451
7453
7454
7464
7478
7505
7524
7634
7636
7638
7652
7654
7695
7713
7747
7756
7758
7760
7762
7764
7766
7768
7770
7819
7871
7873
7930
7932
7955
7985
7986
7993
7995
7997
8004
8007
8015
8023
8087
8088
8100
8108
8110
8165
8167
8170
8216
8234
8236
8250
8261
8276
8278
8280
8298
8313
8314
8316
8322
8328
8337
8394
8396
8397
8403
8405
8407
8426
8428
8429
8479
8491
8493
8495
8529
8553
8555
8557
8559
8601
8624
8649
8651
8665
8724
8726
8728
8781
8803
8825
8827
8828
8829
8831
8960
9003
9005
9007
9016
9049
9051
9073
9075
9093
9137
9139
9141
9174
9176
9178
9180
9182
9196
9198
9204
9209
9211
9257
9259
9261
9277
9359
9361
9381
9383
9389
9391
9393
9450
9555
9557
9559
9594
9617
9619
9708
9710
9712
9723
9725
9727
9728
9786
9805
9817
9819
9821
9827
9848
9873
9874
9875
9885
9904
9930
9961
9970
9971
9979
9981
9983
10035
10058
10061
10103
10115
10117
10119
10147
10175
10192
10230
10245
10247
10270
10278
10279
10280
10281
10283
10285
10291
10297
10334
10342
10392
10404
10458
10460
10487
10492
10503
10510
10539
10574
10605
10607
10609
10648
10650
10699
10832
10834
10853
10855
10857
10859
10865
10867
10873
10989
10991
11007
11021
11022
11023
11025
11035
11048
11060
11063
11069
11081
11118
11136
11142
11153
11167
11211
11217
11232
11238
11268
11293
11302
11389
11397
11399
11401
11403
11406
11415
11451
11469
11471
11493
11549
11551
11579
11586
11639
11653
11696
11698
11700
11707
11785
11787
11789
11791
11796
11808
11810
11815
11829
11831
11888
11897
11916
11962
11982
12002
12073
12079
12082
12091
12104
12106
12129
12131
12147
12149
12180
12191
12193
12195
12197
12203
12259
12261
12345
12368
12370
12372
12410
12412
12444
12449
12451
12457
12474
12476
12478
12529
12531
12532
12572
12632
12639
12649
12655
12656
12676
12685
12687
12689
12691
12693
12696
12705
12707
12725
12727
12734
12745
12747
12842
12853
12855
12899
12902
12923
12925
12935
12976
13037
13114
13134
13136
13156
13160
13216
13218
13224
13226
13232
13234
13236
13246
13248
13250
13310
13337
13339
13340
13349
13454
13511
13513
13515
13517
13519
13548
13550
13571
13573
13575
13577
13598
13600
13602
13604
13606
13608
13610
13620
13649
13677
13679
13717
13726
13780
13782
13784
13802
13823
13877
13879
13892
13897
13899
13901
13903
13909
13911
13935
13937
13944
13950
13957
13959
13997
14003
14006
14008
14030
14061
14066
14090
14092
14111
14113
14126
14132
14192
14223
14225
14262
14276
14293
14295
14297
14299
14301
14320
14322
14323
14325
14340
14342
14381
14383
14390
14392
14394
14396
14426
14435
14497
14508
14517
14568
14580
14582
14593
14595
14631
14633
14635
14664
14686
14687
14702
14777
14820
14822
14831
14852
14866
14879
14890
14892
14988
15032
15034
15042
15061
15111
15113
15132
15142
15157
15226
15257
15317
15318
15327
15333
15335
15374
15376
15377
15392
15400
15422
15465
15479
15581
15583
15594
15630
15636
15638
15664
15706
15759
15839
15854
15856
15862
15864
15866
15868
15870
15911
15917
15929
15949
15968
15970
15992
16012
16018
16094
16096
16123
16141
16143
16145
16181
16183
16185
16186
16188
16190
16192
16194
16204
16279
16303
16305
16307
16360
16362
16397
16433
16525
16527
16528
16529
16530
16532
16541
16616
16618
16628
16633
16635
16694
16699
16713
16727
16746
16748
16761
16791
16793
16878
16909
16920
16937
16999
17001
17007
17016
17018
17053
17065
17090
17117
17168
17170
17172
17178
17207
17228
17260
17261
17262
17263
17264
17266
17271
17273
17275
17295
17304
17328
17376
17421
17423
17440
17446
17448
17450
17452
17474
17493
17495
17497
17525
17559
17561
17566
17578
17597
17688
17694
17701
17711
17713
17727
17743
17755
17766
17784
17816
17818
17899
17926
17928
17974
17997
17999
18007
18016
18027
18056
18078
18080
18082
18123
18142
18222
18224
18240
18241
18315
18328
18344
18346
18348
18373
18374
18376
18396
18398
18410
18494
18540
18556
18558
18559
18560
18580
18582
18584
18598
18599
18613
18615
18617
18665
18667
18673
18689
18690
18712
18714
18731
18768
18790
18835
18844
18878
18883
18886
18969
18971
18973
19007
19049
19063
19065
19093
19149
19166
19210
19238
19243
19245
19269
19271
19272
19273
19274
19354
19356
19358
19360
19362
19364
19383
19429
19438
19440
19450
19452
19454
19471
19473
19474
19475
19477
19483
19485
19494
19509
19511
19519
19531
19611
19613
19614
19615
19617
19623
19625
19634
19649
19651
19659
19671
19774
19776
19778
19780
19782
19784
19803
19849
19858
19860
19870
19872
19874
19910
19938
19943
19945
19969
19971
19972
19973
19974
20029
20043
20045
20073
20129
20146
20229
20231
20233
20267
20308
20330
20375
20384
20418
20423
20426
20485
20487
20493
20509
20510
20532
20534
20551
20594
20640
20656
20658
20659
20660
20680
20682
20684
20698
20699
20713
20715
20717
20724
20726
20728
20753
20754
20756
20776
20778
20790
20882
20884
20900
20901
20975
20988
21018
21020
21022
21063
21082
21146
21148
21194
21217
21219
21227
21236
21247
21276
21284
21316
21318
21399
21468
21474
21481
21491
21493
21507
21523
21535
21546
21585
21619
21621
21626
21638
21657
21716
21761
21763
21780
21786
21788
21790
21792
21814
21833
21835
21837
21848
21880
21881
21882
21883
21884
21886
21891
21893
21895
21915
21924
21948
21990
22017
22068
22070
22072
22078
22107
22179
22181
22187
22196
22198
22233
22245
22338
22369
22380
22397
22434
22439
22453
22467
22486
22488
22501
22531
22533
22545
22547
22548
22549
22550
22552
22561
22636
22638
22648
22653
22655
22697
22733
22859
22883
22885
22887
22940
22942
22983
23001
23003
23005
23041
23043
23045
23046
23048
23050
23052
23054
23064
23108
23110
23132
23152
23158
23234
23236
23259
23274
23276
23282
23284
23286
23288
23290
23331
23337
23349
23369
23406
23459
23561
23563
23574
23610
23616
23618
23644
23660
23682
23725
23739
23857
23858
23867
23873
23875
23914
23916
23917
23932
23952
23962
23977
24046
24077
24088
24132
24134
24142
24161
24211
24213
24232
24246
24259
24270
24272
24362
24437
24480
24482
24491
24508
24520
24522
24533
24535
24571
24573
24575
24604
24626
24627
24646
24655
24717
24728
24737
24793
24795
24797
24799
24801
24820
24822
24823
24825
24840
24842
24881
24883
24890
24892
24894
24896
24972
25003
25005
25042
25056
25063
25066
25068
25090
25121
25126
25150
25152
25171
25173
25186
25192
25217
25219
25232
25237
25239
25241
25243
25249
25251
25275
25277
25284
25290
25297
25299
25337
25346
25400
25402
25404
25422
25443
25498
25500
25502
25504
25506
25508
25510
25520
25549
25577
25579
25617
25634
25691
25693
25695
25697
25699
25728
25730
25751
25753
25755
25757
25770
25797
25799
25800
25809
25900
25956
25958
25964
25966
25972
25974
25976
25986
25988
25990
26057
26134
26154
26156
26176
26199
26202
26223
26225
26235
26276
26325
26327
26422
26433
26435
26492
26499
26509
26515
26516
26536
26545
26547
26549
26551
26553
26556
26565
26567
26585
26587
26594
26614
26616
26618
26669
26671
26672
26712
26765
26788
26790
26792
26830
26832
26864
26869
26871
26877
26880
26891
26893
26895
26897
26903
26959
26961
27053
27059
27062
27071
27084
27086
27109
27111
27127
27129
27176
27222
27242
27262
27325
27327
27329
27331
27336
27348
27350
27355
27369
27371
27428
27437
27459
27473
27516
27518
27520
27527
27593
27649
27651
27679
27686
27769
27777
27779
27781
27783
27786
27795
27831
27849
27851
27871
27877
27892
27898
27928
27953
27962
28000
28003
28009
28021
28058
28076
28082
28093
28107
28209
28211
28227
28241
28242
28243
28245
28255
28268
28332
28334
28353
28355
28357
28359
28365
28367
28373
28428
28430
28479
28563
28570
28599
28634
28665
28667
28669
28732
28744
28798
28800
28827
28832
28850
28865
28867
28890
28898
28899
28900
28901
28903
28905
28911
28917
28954
28962
29003
29015
29017
29019
29047
29075
29092
29141
29150
29151
29159
29161
29163
29215
29238
29241
29265
29277
29279
29281
29287
29308
29333
29334
29335
29345
29364
29390
29448
29450
29452
29463
29465
29467
29468
29526
29575
29577
29579
29614
29637
29639
29681
29683
29689
29691
29693
29750
29837
29839
29841
29857
29939
29941
29997
29999
30001
30034
30036
30038
30040
30042
30056
30058
30064
30069
30071
30100
30143
30145
30147
30156
30189
30191
30213
30215
30233
30245
30247
30248
30249
30251
30424
30426
30428
30481
30503
30533
30535
30537
30539
30581
30604
30629
30631
30645
30663
30665
30667
30686
30688
30689
30739
30751
30753
30755
30789
30801
30816
30818
30820
30838
30853
30854
30856
30862
30868
30877
30934
30936
30937
30985
30987
30990
31036
31054
31056
31070
31085
31086
31093
31095
31097
31104
31107
31115
31123
31187
31188
31200
31208
31210
31251
31253
31310
31312
31335
31373
31407
31416
31418
31420
31422
31424
31426
31428
31430
31479
31574
31576
31578
31592
31594
31635
31669
31671
31673
31674
31684
31698
31725
31744
31819
31831
31833
31875
31877
31878
31896
31898
31899
31901
31933
31935
31940
31942
31977
32005
32026
32028
32031
32045
32050
32052
32098
32128
32130
32132
32134
32145
32215
32225
32227
32229
32231
32233
32261
32262
32264
32272
32281
32283
32340
32342
32344
32346
32377
32417
32425
32431
32433
32435
32457
32459
32461
32499
32579
32581
32609
32646
32710
32711
32725
32761
32799
32801
32806
32820
32821
32822
32843
32845
32859
32861
32896
32911
32913
32929
32954
32956
32979
33005
33020
33053
33059
33061
33092
33174
33182
33205
33243
33273
33275
33306
33308
33339
33374
33387
33389
33436
33523
33539
33541
33542
33565
33567
33569
33620
33622
33624
33632
33634
33661
33670
33780
33790
33803
33816
33818
33860
33861
33863
33875
33888
33890
33891
33892
33893
33894
33896
33977
33993
34026
34099
34101
34147
34148
34149
34150
34198
34201
34203
34209
34214
34216
34221
34251
34253
34270
34272
34315
34317
34323
34365
34382
34418
34461
34467
34469
34482
34484
34486
34488
34489
34490
34492
34514
34563
34565
34567
34580
34582
34589
34671
34680
34687
34689
34691
34758
34786
34787
34788
34815
34831
34852
34887
34889
34910
34912
34914
34959
34961
35038
35092
35094
35130
35132
35141
35156
35191
35193
35195
35197
35260
35289
35318
35320
35322
35346
35348
35350
35352
35387
35389
35425
35427
35474
35479
35486
35488
35490
35500
35510
35512
35514
35516
35518
35569
35586
35594
35626
35628
35630
35632
35663
35695
35724
35749
35751
35780
35814
35816
35818
35820
35822
35824
35854
35980
35982
35987
36010
36026
36028
36030
36037
36039
36041
36048
36065
36081
36089
36101
36103
36105
36188
36190
36234
36253
36291
36293
36301
36307
36309
36362
36382
36384
36422
36424
36433
36453
36477
36496
36507
36514
36541
36543
36587
36589
36595
36703
36705
36717
36719
36721
36749
36756
36758
36809
36811
36813
36815
36817
36830
36850
36852
36883
36905
36930
36942
37029
37035
37037
37056
37057
37059
37066
37072
37074
37075
37076
37078
37080
37155
37157
37204
37234
37236
37237
37257
37258
37259
37261
37263
37279
37290
37328
37330
37332
37334
37367
37369
37412
37432
37521
37583
37615
37629
37631
37633
37635
37637
37646
37648
37650
37652
37665
37667
37727
37767
37769
37821
37837
37888
37893
37899
37921
37923
37931
37957
37959
37961
37963
37999
38052
38075
38077
38132
38157
38159
38167
38174
38194
38206
38223
38230
38291
38323
38325
38379
38381
38383
38426
38438
38440
38449
38450
38451
38458
38475
38561
38578
38608
38611
38648
38692
38694
38705
38744
38755
38760
38781
38783
38855
38907
38909
38915
38917
38921
38942
38944
38946
39014
39016
39018
39020
39035
39095
39136
39138
39139
39140
39146
39148
39169
39171
39182
39184
39187
