37
91
93
95
97
99
135
137
145
195
197
207
209
211
241
256
258
260
277
323
359
361
383
388
408
435
437
438
455
457
495
497
608
613
674
681
697
725
727
738
744
746
798
803
809
814
816
840
842
844
850
852
854
856
889
936
938
968
1001
1046
1048
1063
1206
1218
1254
1256
1268
1270
1271
1272
1274
1276
1285
1286
1299
1301
1323
1325
1339
1351
1367
1403
1454
1471
1473
1523
1565
1585
1587
1607
1623
1625
1656
1695
1696
1717
1753
1786
1802
1804
1826
1868
1875
1877
1879
1881
1898
1900
1922
1968
1981
2066
2068
2070
2077
2079
2103
2110
2112
2123
2137
2139
2141
2143
2149
2155
2171
2192
2203
2208
2258
2268
2270
2299
2313
2360
2362
2373
2384
2386
2391
2429
2455
2458
2471
2531
2565
2603
2626
2628
2645
2647
2648
2681
2683
2701
2734
2743
2745
2752
2773
2775
2777
2779
2796
2797
2962
2971
2981
2987
2989
2994
3001
3003
3005
3015
3017
3019
3021
3052
3163
3165
3170
3188
3210
3289
3290
3339
3356
3405
3411
3468
3487
3489
3491
3535
3537
3549
3562
3581
3582
3583
3585
3625
3645
3655
3657
3662
3684
3695
3741
3743
3745
3766
3768
3770
3772
3988
4039
4064
4096
4098
4101
4110
4112
4134
4139
4141
4143
4175
4213
4287
4292
4294
4301
4303
4305
4313
4331
4332
4333
4335
4373
4385
4387
4483
4560
4571
4573
4575
4577
4632
4666
4668
4673
4681
4683
4696
4704
4785
4787
4792
4884
4886
4891
4893
4896
4900
4902
4904
4906
4920
4957
4968
4970
5007
5051
5053
5078
5080
5082
5124
5126
5142
5245
5246
5247
5275
5277
5282
5291
5293
5300
5324
5347
5349
5508
5510
5523
5526
5536
5538
5553
5566
5577
5594
5596
5626
5627
5628
5629
5695
5778
5792
5794
5829
5849
5863
5865
5870
5881
5883
5888
5975
6021
6023
6035
6037
6068
6077
6084
6148
6238
6239
6244
6262
6267
6302
6356
6370
6453
6455
6468
6470
6471
6546
6571
6598
6633
6660
6732
6734
6736
6763
6764
6790
6817
6822
6825
6827
6864
6866
6878
6884
6893
6955
6957
6979
7013
7068
7110
7126
7133
7135
7137
7158
7173
7178
7183
7188
7190
7230
7232
7233
7234
7287
7289
7291
7393
7425
7439
7537
7538
7557
7593
7601
7619
7626
7628
7666
7668
7686
7717
7718
7739
7759
7772
7790
7798
7817
7874
7914
7916
7966
7968
7985
7987
7989
8048
8070
8079
8085
8087
8089
8134
8155
8167
8173
8179
8181
8183
8184
8221
8223
8232
8286
8311
8313
8341
8343
8356
8397
8453
8515
8530
8558
8560
8613
8615
8664
8711
8713
8785
8822
8824
8829
8858
8859
8860
8861
8863
8877
8879
8899
8939
8941
8943
8944
8976
8978
8990
9035
9045
9046
9048
9050
9052
9074
9111
9114
9138
9140
9164
9166
9214
9265
9267
9269
9298
9300
9302
9319
9338
9419
9425
9453
9455
9480
9489
9499
9545
9611
9613
9634
9639
9641
9643
9671
9673
9675
9689
9691
9704
9710
9742
9761
9779
9793
9806
9819
9825
9859
9867
9878
9931
9955
10001
10022
10027
10042
10067
10073
10080
10082
10091
10105
10106
10115
10117
10119
10121
10126
10127
10128
10133
10211
10224
10229
10231
10251
10253
10290
10302
10309
10328
10380
10385
10387
10417
10428
10478
10503
10515
10552
10561
10563
10577
10579
10613
10623
10650
10668
10683
10708
10723
10728
10755
10757
10759
10828
10837
10872
10874
10883
10884
10885
10886
10887
10929
10931
10933
10935
11010
11012
11038
11089
11091
11094
11103
11118
11132
11134
11156
11163
11170
11224
11236
11301
11389
11434
11450
11452
11454
11456
11475
11476
11483
11504
11536
11542
11563
11633
11635
11660
11694
11705
11711
11713
11725
11726
11727
11729
11792
11794
11887
11889
11914
11916
11918
11920
11948
11949
11951
12029
12034
12036
12095
12212
12214
12216
12223
12228
12230
12231
12233
12254
12256
12263
12265
12267
12286
12291
12293
12306
12336
12347
12352
12421
12439
12442
12451
12465
12467
12469
12471
12502
12524
12526
12537
12539
12541
12563
12565
12567
12584
12586
12589
12591
12605
12607
12609
12611
12695
12697
12722
12771
12773
12786
12788
12790
12792
12794
12810
12812
12814
12824
12844
12924
12934
12948
12950
12972
12991
12993
13002
13009
13011
13023
13038
13066
13079
13097
13099
13176
13178
13180
13214
13253
13255
13260
13279
13282
13309
13331
13333
13369
13370
13377
13380
13437
13453
13469
13530
13549
13581
13583
13585
13616
13618
13620
13622
13636
13638
13675
13677
13782
13810
13873
13905
13912
13952
13954
13956
13957
13997
14084
14109
14141
14147
14150
14152
14180
14182
14184
14185
14186
14237
14239
14240
14254
14270
14272
14274
14276
14340
14352
14358
14368
14463
14465
14475
14485
14537
14539
14569
14585
14638
14671
14673
14695
14697
14736
14738
14740
14742
14744
14774
14776
14818
14820
14822
14824
14890
14891
14892
14987
15007
15009
15024
15026
15107
15165
15271
15278
15280
15283
15285
15307
15320
15376
15378
15396
15400
15402
15465
15471
15473
15475
15494
15509
15550
15562
15564
15566
15568
15570
15571
15586
15669
15671
15676
15677
15686
15700
15820
15822
15857
15869
15901
15979
16002
16014
16016
16028
16030
16031
16047
16049
16051
16062
16067
16069
16074
16097
16101
16103
16109
16150
16230
16232
16237
16259
16279
16381
16383
16553
16561
16617
16619
16633
16652
16666
16668
16767
16782
16783
16785
16787
16834
16836
16838
16840
16842
16869
16932
16945
16947
17001
17024
17026
17043
17058
17070
17095
17097
17108
17153
17156
17173
17175
17185
17187
17264
17266
17268
17270
17277
17286
17291
17327
17342
17344
17346
17364
17387
17389
17391
17426
17452
17459
17545
17547
17549
17562
17578
17616
17664
17666
17668
17678
17680
17694
17696
17720
17735
17750
17763
17765
17767
17774
17776
17780
17802
17820
17822
17824
17841
17897
17899
17900
17925
17951
18046
18048
18054
18060
18061
18077
18120
18122
18148
18182
18222
18224
18240
18241
18243
18245
18247
18249
18251
18279
18284
18286
18288
18320
18329
18362
18410
18445
18453
18455
18457
18465
18485
18509
18511
18514
18621
18725
18742
18752
18754
18783
18785
18787
18789
18800
18807
18809
18810
18884
18925
18980
19010
19012
19083
19099
19130
19167
19168
19181
19202
19208
19210
19216
19217
19233
19264
19266
19277
19301
19303
19368
19394
19396
19398
19426
19477
19479
19481
19487
19489
19491
19493
19516
19518
19519
19520
19521
19522
19523
19524
19525
19527
19529
19557
19562
19564
19566
19572
19574
19576
19578
19596
19617
19619
19621
19627
19629
19631
19633
19656
19658
19659
19660
19661
19662
19663
19664
19665
19667
19669
19697
19702
19704
19706
19712
19714
19716
19718
19736
19788
19814
19816
19818
19846
19881
19902
19908
19910
19916
19917
19933
19964
19966
19977
20001
20003
20063
20079
20110
20147
20148
20185
20240
20270
20272
20323
20325
20327
20329
20340
20347
20349
20350
20424
20441
20545
20562
20572
20574
20585
20609
20611
20614
20742
20790
20825
20833
20835
20837
20845
20882
20884
20900
20901
20903
20905
20907
20909
20911
20939
20944
20946
20948
20980
20989
21000
21001
21017
21060
21062
21088
21122
21145
21171
21266
21268
21274
21280
21302
21320
21322
21324
21341
21397
21399
21400
21444
21446
21448
21458
21460
21474
21476
21500
21515
21530
21543
21545
21547
21554
21556
21605
21607
21609
21622
21638
21676
21704
21727
21729
21731
21766
21792
21799
21884
21886
21888
21890
21897
21906
21911
21947
21962
21964
21966
21995
21997
22008
22053
22056
22073
22075
22085
22087
22125
22127
22181
22204
22206
22223
22238
22250
22294
22296
22298
22300
22302
22329
22392
22406
22408
22507
22522
22523
22525
22527
22573
22581
22637
22639
22653
22672
22681
22683
22839
22859
22961
22963
22969
23010
23090
23092
23097
23119
23142
23154
23156
23168
23170
23171
23187
23189
23191
23202
23207
23209
23214
23237
23240
23242
23277
23289
23321
23386
23400
23530
23542
23544
23546
23548
23550
23551
23566
23649
23651
23656
23657
23660
23662
23725
23731
23733
23735
23754
23769
23811
23818
23820
23823
23825
23847
23860
23916
23918
23936
23985
24087
24107
24109
24124
24126
24207
24270
24271
24272
24396
24398
24400
24402
24404
24434
24436
24478
24480
24482
24484
24509
24525
24578
24611
24613
24635
24637
24683
24685
24695
24705
24757
24759
24840
24852
24858
24868
24921
24927
24930
24932
24960
24962
24964
24965
24966
25017
25019
25020
25034
25050
25052
25054
25056
25144
25169
25213
25245
25252
25292
25294
25296
25297
25337
25402
25430
25481
25483
25485
25516
25518
25520
25522
25536
25538
25575
25577
25633
25649
25710
25729
25769
25791
25793
25829
25830
25837
25840
25897
25916
25918
25920
25954
25993
25995
26000
26019
26022
26043
26058
26086
26099
26117
26119
26224
26234
26248
26250
26272
26291
26293
26302
26309
26311
26351
26353
26366
26368
26370
26372
26374
26390
26392
26394
26404
26424
26465
26467
26469
26471
26555
26557
26582
26605
26607
26609
26611
26642
26664
26666
26677
26679
26681
26703
26705
26707
26724
26726
26729
26731
26756
26767
26772
26841
26859
26862
26871
26912
26914
26916
26923
26928
26930
26931
26933
26954
26956
26963
26965
26967
26986
26991
26993
27006
27075
27174
27176
27178
27180
27208
27209
27211
27289
27294
27296
27332
27334
27427
27429
27453
27455
27480
27514
27525
27531
27533
27545
27546
27547
27549
27583
27604
27636
27642
27663
27769
27814
27830
27832
27834
27836
27855
27856
27884
27896
27961
28029
28031
28034
28043
28058
28072
28074
28096
28103
28110
28149
28151
28153
28155
28230
28232
28258
28328
28337
28372
28374
28383
28384
28385
28386
28387
28430
28448
28463
28488
28503
28508
28535
28537
28539
28563
28575
28612
28621
28623
28637
28639
28673
28683
28720
28725
28727
28757
28768
28818
28844
28849
28851
28871
28873
28910
28922
28929
28948
28980
28982
28991
29005
29006
29015
29017
29019
29021
29026
29027
29028
29033
29111
29135
29181
29202
29207
29222
29247
29253
29266
29279
29285
29319
29327
29338
29391
29411
29413
29415
29429
29431
29444
29450
29482
29501
29519
29533
29565
29631
29633
29654
29659
29661
29663
29719
29725
29753
29755
29780
29789
29799
29845
29847
29849
29878
29880
29882
29899
29918
29971
29974
29998
30000
30024
30026
30074
30116
30118
30130
30175
30185
30186
30188
30190
30192
30214
30242
30244
30249
30278
30279
30280
30281
30283
30297
30299
30319
30359
30361
30363
30364
30411
30413
30485
30538
30540
30593
30595
30644
30713
30775
30790
30826
30851
30853
30881
30883
30896
30937
30954
30975
30987
30993
30999
31001
31003
31004
31041
31043
31052
31085
31087
31089
31148
31170
31179
31185
31187
31189
31254
31294
31296
31346
31348
31377
31378
31399
31419
31432
31450
31458
31477
31533
31541
31559
31566
31568
31606
31608
31626
31645
31659
31757
31758
31777
31787
31789
31791
31893
31938
31953
31958
31963
31968
31970
32010
32012
32013
32014
32073
32128
32170
32186
32193
32195
32197
32204
32206
32218
32224
32233
32295
32297
32319
32352
32354
32356
32383
32384
32410
32437
32442
32445
32447
32498
32533
32560
32633
32635
32648
32650
32651
32726
32751
32762
32816
32830
32978
32979
32984
33002
33007
33041
33043
33055
33057
33088
33097
33104
33168
33181
33183
33188
33275
33358
33372
33374
33409
33429
33443
33445
33450
33486
33487
33488
33489
33555
33648
33650
33663
33666
33676
33678
33693
33706
33717
33734
33736
33744
33767
33769
33945
33946
33947
33975
33977
33982
33991
33993
34000
34031
34033
34058
34060
34062
34104
34106
34122
34160
34162
34164
34166
34180
34217
34228
34230
34267
34325
34327
34332
34424
34426
34431
34433
34436
34452
34486
34488
34493
34501
34503
34516
34524
34583
34660
34671
34673
34675
34677
34753
34765
34767
34873
34947
34952
34954
34961
34963
34965
34973
34991
34992
34993
34995
35004
35036
35038
35041
35050
35052
35074
35079
35081
35083
35115
35208
35259
35425
35435
35437
35442
35464
35475
35521
35523
35525
35546
35548
35550
35552
35595
35597
35609
35622
35641
35642
35643
35645
35685
35745
35751
35808
35827
35829
35831
35909
35910
35959
35976
36063
36065
36070
36088
36110
36142
36151
36161
36167
36169
36174
36181
36183
36185
36195
36197
36199
36201
36232
36421
36423
36441
36474
36483
36485
36492
36513
36515
36517
36519
36536
36537
36551
36585
36623
36646
36648
36665
36667
36668
36684
36686
36691
36729
36755
36758
36771
36838
36848
36850
36879
36893
36940
36942
36953
36963
36970
36972
36983
36997
36999
37001
37003
37009
37015
37031
37052
37063
37068
37108
37121
37206
37208
37210
37217
37219
37246
37288
37295
37297
37299
37301
37318
37320
37342
37395
37396
37417
37453
37486
37502
37504
37545
37565
37567
37587
37603
37605
37636
37663
37714
37731
37733
37783
37808
37810
37811
37812
37814
37816
37825
37826
37839
37841
37863
37865
37879
37891
37907
38026
38038
38074
38076
38101
38146
38148
38163
38220
38222
38224
38230
38232
38234
38236
38269
38316
38318
38348
38385
38387
38398
38404
38406
38458
38463
38469
38474
38476
38548
38553
38614
38621
38637
38655
38657
38658
38675
38677
38715
38717
38823
38859
38861
38883
38888
38908
38925
38975
38977
38987
38989
38991
39021
39036
39038
39040
39057
39097
39151
39153
39155
39157
39159
39195
39197
