0
1
3
4
5
14
17
18
22
24
26
27
29
36
39
40
41
43
51
53
55
56
60
65
68
70
73
74
75
77
84
89
91
92
93
94
95
98
102
103
105
106
115
118
120
125
131
135
137
139
146
148
150
151
152
160
167
171
172
174
175
178
180
181
184
188
190
192
193
194
196
197
198
201
205
207
208
210
212
223
224
227
235
239
243
246
248
252
253
256
259
260
262
271
275
279
280
284
287
288
293
296
297
301
304
310
317
324
326
327
330
332
334
344
345
347
348
350
354
356
358
359
360
361
362
365
368
370
374
385
386
389
391
392
395
402
404
405
406
408
420
421
423
426
429
433
437
438
439
440
441
442
443
444
445
446
447
448
453
455
457
460
461
464
465
467
468
478
480
481
482
483
486
488
492
497
498
500
509
510
512
514
515
516
518
519
520
522
523
527
528
536
538
539
547
551
552
554
555
560
561
562
563
565
568
573
575
579
585
590
591
592
594
597
600
607
617
619
624
625
629
630
631
634
635
637
643
645
646
647
666
669
672
675
679
681
682
685
689
691
695
697
698
699
704
706
708
713
717
724
727
734
737
738
740
741
744
745
747
749
751
752
754
755
756
759
763
765
767
772
777
781
783
785
788
794
795
796
799
801
803
807
811
814
816
819
824
827
829
830
833
838
841
848
851
855
859
860
861
870
871
872
873
874
877
880
882
883
885
886
887
899
901
902
905
907
912
915
918
920
923
928
930
931
933
935
938
944
948
949
950
951
954
957
958
961
962
963
966
968
972
976
977
988
989
997
1001
1002
1003
1004
1005
1008
1010
1013
1017
1019
1020
1021
1022
1023
1025
1027
1029
1031
1035
1036
1039
1042
1044
1049
1053
1055
1058
1060
1062
1068
1071
1073
1075
1078
1080
1082
1083
1088
1093
1095
1097
1099
1102
1104
1105
1110
1113
1116
1120
1121
1123
1125
1127
1130
1131
1132
1135
1147
1150
1151
1152
1153
1156
1157
1163
1164
1167
1171
1173
1177
1182
1186
1187
1188
1189
1191
1192
1193
1196
1204
1206
1209
1211
1216
1218
1220
1221
1223
1224
1225
1227
1229
1230
1235
1236
1237
1238
1241
1242
1249
1251
1254
1256
1267
1274
1275
1277
1278
1284
1287
1288
1290
1306
1309
1311
1315
1319
1321
1322
1325
1331
1335
1336
1337
1339
1340
1341
1342
1346
1351
1352
1354
1356
1357
1362
1363
1365
1366
1369
1371
1372
1373
1374
1379
1386
1388
1389
1390
1392
1394
1395
1400
1402
1404
1410
1411
1412
1413
1416
1419
1421
1423
1426
1432
1433
1434
1435
1438
1440
1444
1445
1446
1453
1457
1459
1461
1463
1464
1466
1471
1474
1478
1484
1486
1489
1492
1494
1496
1499
1508
1512
1516
1517
1521
1523
1526
1528
1531
1535
1537
1539
1540
1544
1547
1548
1555
1556
1559
1560
1561
1562
1563
1567
1568
1569
1578
1579
1580
1582
1583
1587
1589
1590
1594
1598
1599
1601
1602
1604
1607
1611
1614
1616
1620
1621
1622
1625
1626
1627
1628
1631
1632
1634
1636
1639
1641
1642
1646
1650
1658
1660
1661
1663
1664
1665
1667
1673
1675
1676
1677
1680
1684
1685
1687
1690
1691
1692
1693
1694
1703
1705
1707
1711
1718
1720
1722
1725
1726
1730
1733
1735
1736
1737
1738
1742
1744
1745
1747
1749
1754
1758
1763
1772
1774
1777
1779
1784
1789
1790
1793
1799
1801
1807
1809
1812
1813
1815
1816
1817
1818
1819
1820
1821
1823
1827
1835
1836
1848
1849
1851
1854
1857
1858
1862
1863
1868
1871
1876
1878
1880
1881
1882
1883
1887
1891
1894
1896
1900
1901
1906
1907
1911
1915
1917
1921
1922
1924
1926
1928
1931
1933
1935
1936
1937
1938
1939
1942
1944
1945
1950
1952
1954
1955
1962
1964
1965
1967
1968
1970
1971
1972
1973
1974
1985
1988
1990
1991
1992
1994
1995
2003
2004
2006
2010
2014
2016
2020
2027
2029
2034
2036
2038
2040
2043
2044
2046
2048
2050
2059
2062
2063
2065
2070
2071
2072
2073
2079
2081
2082
2084
2086
2087
2095
2101
2104
2108
2113
2114
2115
2116
2117
2118
2119
2120
2122
2123
2125
2128
2137
2138
2139
2140
2141
2144
2148
2152
2155
2157
2162
2163
2165
2166
2167
2168
2172
2173
2174
2176
2180
2181
2186
2188
2190
2191
2192
2194
2195
2200
2207
2209
2213
2224
2225
2228
2229
2231
2232
2233
2241
2243
2244
2245
2248
2251
2255
2263
2265
2268
2273
2275
2277
2284
2286
2287
2289
2290
2291
2295
2297
2299
2300
2301
2302
2306
2309
2315
2317
2319
2320
2323
2324
2330
2332
2336
2342
2344
2346
2348
2351
2357
2361
2365
2366
2371
2373
2374
2375
2376
2377
2378
2379
2381
2389
2391
2394
2395
2396
2398
2400
2402
2404
2408
2412
2414
2420
2424
2425
2433
2434
2437
2438
2440
2446
2447
2453
2454
2457
2459
2461
2462
2467
2471
2472
2476
2477
2478
2479
2481
2487
2488
2489
2490
2492
2493
2494
2495
2496
2497
2498
2499
2500
2504
2507
2508
2510
2524
2527
2528
2534
2538
2539
2541
2547
2549
2551
2553
2555
2556
2558
2563
2565
2566
2570
2582
2583
2585
2586
2587
2589
2592
2593
2595
2596
2601
2603
2609
2610
2612
2615
2616
2618
2621
2623
2624
2627
2631
2637
2639
2642
2644
2649
2650
2655
2661
2671
2674
2681
2683
2685
2687
2699
2700
2701
2702
2705
2709
2712
2717
2719
2729
2731
2736
2738
2740
2741
2745
2747
2750
2752
2762
2765
2766
2770
2772
2773
2778
2780
2784
2787
2791
2793
2794
2795
2797
2801
2802
2804
2807
2808
2809
2814
2819
2820
2821
2822
2828
2829
2836
2837
2838
2839
2840
2845
2846
2848
2850
2856
2857
2859
2862
2863
2866
2867
2868
2870
2873
2876
2883
2884
2887
2889
2892
2895
2896
2897
2901
2903
2907
2910
2913
2917
2921
2925
2929
2932
2937
2939
2940
2941
2949
2950
2952
2955
2956
2957
2958
2962
2964
2965
2966
2971
2973
2975
2977
2980
2981
2983
2984
2994
2995
2996
2999
3000
3001
3003
3006
3011
3016
3017
3019
3020
3021
3022
3028
3029
3030
3039
3044
3045
3050
3052
3053
3055
3058
3067
3070
3071
3074
3076
3077
3081
3083
3100
3102
3103
3105
3108
3109
3111
3113
3117
3118
3121
3123
3125
3129
3131
3133
3138
3145
3152
3156
3157
3162
3163
3164
3171
3172
3173
3176
3177
3182
3184
3185
3187
3190
3193
3196
3199
3202
3204
3206
3208
3209
3212
3216
3219
3225
3226
3229
3230
3231
3232
3233
3237
3238
3241
3242
3245
3246
3248
3257
3263
3266
3267
3268
3275
3279
3283
3284
3288
3290
3292
3293
3294
3295
3297
3301
3307
3308
3309
3311
3315
3320
3322
3327
3333
3334
3335
3336
3340
3341
3346
3352
3353
3355
3357
3360
3361
3362
3364
3367
3369
3379
3383
3390
3392
3395
3398
3403
3404
3412
3414
3416
3417
3419
3421
3422
3423
3426
3428
3430
3432
3437
3438
3439
3441
3443
3444
3445
3447
3450
3452
3453
3454
3456
3457
3458
3460
3462
3463
3465
3469
3472
3473
3479
3481
3483
3485
3488
3489
3495
3498
3500
3503
3507
3510
3513
3514
3517
3521
3522
3530
3532
3533
3535
3537
3538
3540
3541
3543
3545
3546
3549
3551
3553
3563
3565
3573
3576
3577
3580
3588
3589
3594
3596
3597
3601
3602
3606
3607
3608
3611
3616
3618
3621
3623
3625
3626
3632
3633
3636
3639
3640
3641
3642
3654
3656
3659
3660
3664
3666
3667
3668
3671
3674
3682
3683
3687
3695
3697
3698
3700
3702
3703
3705
3709
3711
3713
3714
3718
3723
3724
3725
3726
3728
3729
3731
3733
3737
3749
3753
3754
3756
3758
3760
3761
3763
3767
3768
3771
3773
3779
3783
3787
3790
3792
3794
3797
3798
3799
3800
3803
3804
3805
3809
3810
3811
3812
3816
3817
3825
3830
3831
3832
3833
3834
3836
3838
3839
3844
3845
3851
3853
3856
3858
3861
3870
3881
3882
3885
3886
3896
3898
3901
3902
3903
3906
3910
3911
3912
3913
3916
3917
3925
3926
3927
3931
3934
3935
3942
3947
3948
3954
3955
3958
3959
3961
3962
3964
3965
3967
3968
3969
3970
3972
3978
3980
3981
3982
3986
3994
4001
4005
4007
4008
4010
4012
4014
4016
4017
4018
4023
4024
4029
4033
4035
4038
4044
4047
4048
4054
4056
4059
4063
4069
4071
4074
4078
4079
4080
4082
4086
4096
4097
4102
4104
4108
4113
4115
4117
4119
4122
4124
4127
4128
4130
4131
4132
4136
4137
4141
4143
4145
4149
4150
4151
4158
4159
4160
4161
4162
4164
4169
4171
4173
4176
4177
4181
4182
4196
4197
4200
4201
4202
4203
4204
4205
4208
4209
4211
4212
4214
4215
4222
4224
4228
4230
4234
4236
4238
4242
4244
4248
4251
4253
4255
4257
4259
4262
4265
4272
4273
4274
4275
4280
4281
4283
4286
4291
4292
4304
4307
4309
4313
4318
4319
4320
4321
4324
4331
4334
4336
4339
4345
4347
4353
4358
4359
4363
4365
4367
4372
4373
4374
4382
4384
4389
4391
4393
4396
4399
4400
4404
4405
4411
4415
4417
4418
4426
4428
4429
4432
4433
4434
4438
4439
4441
4443
4444
4446
4449
4454
4455
4456
4457
4460
4462
4465
4466
4469
4470
4471
4473
4476
4477
4483
4487
4492
4494
4495
4497
4499
4503
4505
4507
4508
4509
4510
4511
4513
4516
4520
4522
4524
4528
4534
4536
4538
4542
4547
4549
4552
4555
4560
4563
4565
4566
4569
4570
4575
4578
4581
4583
4584
4585
4586
4588
4592
4598
4599
4600
4602
4604
4606
4608
4619
4620
4624
4629
4639
4640
4645
4653
4656
4658
4660
4661
4663
4665
4673
4675
4676
4678
4680
4684
4685
4686
4687
4690
4691
4692
4695
4697
4702
4713
4717
4718
4723
4727
4728
4729
4730
4734
4736
4740
4742
4746
4750
4751
4757
4758
4760
4762
4763
4764
4765
4766
4767
4768
4772
4773
4774
4781
4793
4796
4800
4806
4808
4810
4812
4814
4815
4818
4819
4820
4822
4824
4828
4830
4833
4837
4840
4841
4843
4845
4846
4849
4850
4851
4853
4855
4860
4862
4865
4867
4871
4872
4873
4882
4888
4890
4893
4894
4895
4897
4900
4901
4908
4909
4910
4911
4913
4914
4916
4917
4918
4919
4921
4923
4926
4927
4929
4933
4936
4939
4942
4944
4946
4948
4950
4952
4953
4960
4964
4965
4967
4971
4974
4975
4976
4977
4979
4983
4989
4997
4998
4999
5002
5008
5013
5015
5016
5017
5020
5022
5023
5024
5025
5027
5030
5031
5032
5037
5043
5045
5047
5050
5051
5054
5058
5063
5065
5066
5067
5068
5070
5071
5072
5073
5074
5079
5083
5085
5086
5087
5093
5094
5098
5100
5101
5105
5107
5109
5110
5112
5114
5116
5117
5118
5122
5125
5126
5129
5131
5135
5136
5139
5142
5143
5147
5150
5158
5159
5162
5163
5165
5166
5174
5179
5181
5182
5185
5189
5200
5203
5204
5206
5208
5211
5215
5217
5219
5221
5222
5223
5228
5229
5231
5233
5234
5236
5237
5241
5243
5246
5248
5251
5254
5255
5266
5271
5272
5273
5275
5280
5282
5285
5290
5292
5294
5296
5298
5302
5312
5315
5319
5323
5326
5327
5328
5330
5340
5341
5343
5346
5348
5351
5353
5354
5357
5359
5363
5364
5369
5373
5377
5380
5381
5387
5388
5390
5394
5395
5399
5402
5404
5405
5409
5410
5415
5419
5422
5423
5426
5427
5428
5429
5431
5434
5435
5436
5438
5444
5447
5448
5449
5450
5451
5453
5459
5461
5462
5465
5466
5467
5468
5470
5471
5473
5474
5476
5477
5478
5481
5483
5487
5488
5491
5504
5505
5506
5507
5513
5517
5518
5525
5534
5544
5546
5553
5554
5559
5562
5563
5565
5569
5571
5572
5574
5578
5581
5592
5595
5598
5599
5600
5601
5602
5604
5606
5612
5614
5618
5620
5624
5627
5630
5631
5632
5634
5637
5639
5640
5642
5644
5648
5649
5650
5652
5653
5654
5655
5657
5661
5667
5669
5676
5677
5678
5680
5687
5688
5689
5690
5693
5695
5696
5699
5703
5706
5714
5717
5718
5723
5724
5725
5728
5729
5732
5735
5736
5737
5738
5742
5744
5746
5747
5750
5751
5757
5760
5762
5763
5764
5765
5766
5767
5772
5773
5774
5776
5779
5782
5784
5789
5793
5797
5798
5801
5804
5805
5808
5810
5814
5816
5817
5831
5841
5843
5850
5851
5854
5855
5860
5869
5872
5874
5876
5879
5880
5885
5891
5893
5894
5895
5897
5900
5902
5909
5911
5912
5914
5918
5919
5920
5924
5927
5929
5931
5933
5934
5936
5941
5946
5947
5949
5954
5956
5958
5959
5961
5962
5964
5965
5967
5971
5972
5979
5983
5986
5987
5988
5989
5996
5997
5998
6003
6005
6009
6012
6016
6021
6024
6027
6031
6037
6040
6044
6045
6047
6051
6052
6058
6060
6061
6063
6066
6069
6073
6076
6078
6079
6081
6084
6085
6086
6087
6089
6090
6093
6094
6109
6115
6117
6119
6121
6122
6127
6130
6131
6136
6137
6140
6141
6142
6144
6145
6152
6158
6162
6164
6166
6167
6169
6174
6181
6182
6184
6185
6187
6188
6190
6193
6194
6197
6198
6203
6204
6206
6211
6217
6219
6221
6228
6230
6231
6232
6237
6242
6243
6247
6250
6251
6253
6254
6255
6259
6263
6264
6266
6268
6269
6272
6273
6276
6278
6285
6289
6290
6293
6294
6295
6296
6297
6300
6305
6307
6309
6313
6319
6320
6321
6326
6332
6333
6334
6335
6336
6342
6347
6349
6352
6353
6354
6365
6366
6369
6374
6378
6381
6384
6389
6397
6405
6410
6413
6415
6416
6417
6418
6419
6421
6423
6427
6431
6432
6443
6447
6449
6451
6453
6454
6455
6461
6462
6463
6464
6467
6469
6471
6475
6476
6477
6479
6484
6489
6494
6496
6497
6498
6500
6504
6506
6507
6510
6514
6517
6519
6521
6523
6527
6529
6534
6535
6536
6539
6543
6548
6552
6553
6559
6561
6562
6564
6565
6568
6569
6575
6578
6580
6581
6582
6583
6585
6587
6588
6589
6593
6595
6596
6597
6600
6606
6607
6609
6613
6617
6619
6620
6621
6622
6623
6625
6626
6627
6628
6629
6631
6632
6635
6639
6640
6641
6642
6643
6645
6649
6654
6655
6656
6659
6661
6663
6664
6665
6666
6667
6673
6676
6677
6678
6680
6685
6686
6687
6693
6695
6703
6708
6712
6713
6716
6718
6727
6731
6732
6735
6739
6741
6743
6744
6745
6746
6750
6751
6752
6755
6761
6765
6769
6770
6772
6774
6778
6788
6789
6790
6791
6794
6795
6796
6808
6809
6810
6812
6818
6823
6825
6829
6832
6833
6834
6836
6838
6840
6845
6848
6855
6856
6859
6864
6868
6869
6873
6879
6880
6882
6883
6886
6900
6902
6903
6905
6907
6909
6914
6915
6920
6925
6927
6937
6939
6940
6944
6955
6959
6961
6962
6963
6966
6967
6968
6970
6971
6972
6975
6977
6980
6982
6983
6987
6988
6989
6991
6992
6993
6996
7000
7002
7006
7008
7011
7015
7019
7023
7025
7031
7035
7037
7045
7048
7049
7053
7054
7056
7059
7067
7071
7075
7081
7083
7084
7089
7090
7093
7095
7097
7099
7104
7108
7116
7117
7118
7119
7120
7121
7124
7125
7132
7136
7141
7144
7148
7159
7163
7166
7167
7168
7169
7171
7172
7173
7175
7176
7179
7181
7184
7186
7188
7190
7191
7192
7198
7200
7201
7202
7203
7204
7206
7207
7210
7212
7214
7219
7223
7226
7231
7233
7235
7242
7244
7249
7252
7255
7261
7262
7266
7268
7276
7279
7280
7282
7286
7290
7291
7293
7295
7297
7298
7299
7304
7311
7315
7317
7323
7324
7326
7328
7334
7337
7347
7348
7350
7352
7353
7354
7356
7357
7358
7360
7361
7362
7363
7365
7369
7370
7372
7373
7374
7376
7381
7383
7384
7388
7392
7397
7405
7416
7417
7418
7422
7425
7426
7428
7430
7433
7435
7437
7440
7441
7442
7443
7446
7447
7448
7452
7459
7463
7465
7468
7469
7470
7471
7476
7477
7481
7482
7483
7484
7485
7486
7490
7495
7501
7503
7509
7517
7518
7522
7528
7529
7530
7531
7532
7533
7534
7535
7538
7539
7540
7541
7542
7543
7546
7547
7548
7549
7551
7552
7553
7554
7555
7559
7560
7568
7572
7579
7584
7588
7591
7593
7595
7598
7599
7600
7603
7606
7608
7610
7611
7613
7614
7615
7616
7617
7619
7621
7627
7631
7633
7637
7639
7645
7646
7649
7653
7658
7660
7661
7663
7664
7668
7672
7675
7676
7677
7678
7681
7688
7693
7702
7705
7706
7707
7708
7716
7717
7724
7731
7735
7737
7741
7743
7745
7751
7757
7765
7767
7769
7771
7774
7780
7781
7782
7783
7784
7785
7788
7789
7791
7793
7794
7795
7796
7797
7799
7800
7804
7805
7806
7807
7808
7809
7810
7817
7820
7822
7823
7825
7828
7830
7832
7835
7838
7839
7844
7845
7848
7851
7852
7853
7854
7856
7859
7862
7864
7866
7870
7878
7879
7880
7883
7886
7887
7889
7890
7891
7892
7894
7895
7904
7906
7908
7914
7916
7917
7918
7920
7933
7939
7943
7947
7950
7952
7956
7959
7962
7965
7967
7968
7972
7974
7975
7977
7983
7990
7991
7992
7996
7998
8000
8005
8013
8016
8021
8026
8027
8029
8035
8036
8037
8038
8039
8040
8041
8042
8044
8046
8048
8050
8051
8052
8060
8064
8068
8075
8076
8079
8080
8081
8085
8092
8094
8097
8099
8101
8104
8105
8106
8107
8109
8114
8116
8117
8119
8123
8125
8127
8129
8135
8140
8141
8142
8143
8149
8151
8158
8159
8160
8161
8163
8164
8171
8174
8180
8184
8188
8194
8197
8200
8203
8204
8206
8210
8211
8212
8213
8214
8215
8219
8222
8225
8227
8229
8231
8232
8235
8237
8239
8245
8251
8253
8254
8257
8262
8265
8267
8270
8271
8274
8275
8277
8279
8284
8286
8287
8289
8291
8292
8293
8294
8296
8297
8301
8302
8306
8307
8308
8310
8312
8317
8320
8321
8325
8326
8331
8332
8335
8340
8342
8344
8346
8348
8355
8356
8360
8363
8364
8367
8369
8370
8371
8373
8374
8376
8380
8381
8382
8384
8385
8386
8387
8388
8389
8390
8392
8395
8401
8414
8419
8422
8443
8444
8445
8446
8448
8450
8455
8463
8464
8465
8467
8468
8472
8474
8477
8480
8483
8485
8487
8489
8496
8498
8499
8500
8504
8514
8516
8518
8519
8527
8528
8530
8532
8534
8537
8541
8542
8543
8545
8546
8547
8548
8549
8550
8551
8552
8554
8558
8560
8563
8565
8570
8571
8572
8574
8575
8577
8578
8579
8580
8581
8582
8583
8584
8588
8590
8592
8593
8596
8597
8600
8605
8608
8609
8612
8614
8616
8617
8619
8620
8625
8627
8629
8635
8640
8644
8647
8652
8654
8655
8658
8662
8663
8672
8677
8680
8683
8685
8697
8698
8700
8701
8703
8706
8707
8708
8709
8710
8711
8713
8716
8719
8721
8723
8725
8729
8731
8734
8736
8738
8741
8743
8745
8748
8749
8751
8754
8757
8760
8761
8763
8764
8769
8771
8773
8775
8776
8777
8780
8784
8787
8794
8797
8798
8800
8807
8811
8813
8814
8815
8817
8823
8824
8832
8835
8837
8838
8843
8851
8854
8861
8863
8866
8868
8872
8875
8876
8879
8880
8881
8883
8884
8889
8892
8893
8894
8896
8897
8898
8900
8901
8902
8904
8906
8909
8913
8915
8916
8918
8920
8924
8926
8927
8928
8929
8931
8932
8933
8934
8936
8943
8945
8953
8957
8963
8968
8969
8977
8979
8981
8983
8984
8986
8987
8988
8989
8991
8996
8997
8998
8999
9000
9001
9006
9008
9010
9011
9015
9021
9023
9024
9027
9031
9032
9040
9044
9046
9048
9050
9052
9060
9061
9063
9069
9071
9074
9078
9079
9080
9081
9083
9086
9087
9090
9091
9092
9097
9100
9103
9104
9105
9107
9111
9112
9113
9115
9116
9123
9125
9129
9131
9135
9140
9145
9147
9149
9150
9151
9152
9153
9155
9156
9157
9161
9165
9166
9169
9170
9172
9173
9177
9179
9191
9193
9195
9197
9202
9205
9208
9215
9219
9223
9227
9229
9230
9233
9235
9237
9242
9249
9250
9254
9260
9269
9273
9275
9281
9284
9285
9287
9289
9292
9295
9296
9297
9300
9302
9303
9307
9309
9310
9312
9313
9314
9315
9316
9319
9320
9324
9326
9327
9331
9334
9338
9340
9342
9347
9353
9355
9357
9360
9362
9365
9366
9368
9372
9373
9375
9377
9380
9384
9386
9387
9397
9399
9403
9404
9405
9408
9409
9412
9415
9419
9421
9423
9425
9429
9430
9432
9434
9443
9445
9446
9447
9448
9449
9451
9454
9456
9457
9459
9460
9462
9463
9464
9465
9470
9472
9473
9474
9475
9476
9478
9480
9481
9482
9485
9486
9488
9489
9491
9493
9495
9496
9497
9499
9502
9508
9511
9517
9520
9521
9523
9525
9529
9535
9536
9537
9539
9540
9541
9545
9550
9560
9566
9572
9575
9576
9578
9579
9580
9582
9583
9589
9592
9595
9597
9599
9601
9603
9605
9607
9608
9610
9618
9622
9625
9635
9636
9637
9639
9640
9641
9642
9645
9646
9652
9656
9659
9663
9665
9667
9669
9672
9673
9679
9685
9692
9694
9695
9701
9703
9705
9709
9726
9732
9734
9737
9744
9745
9746
9748
9752
9754
9759
9765
9770
9771
9772
9773
9779
9781
9783
9787
9790
9791
9792
9797
9801
9803
9804
9806
9812
9815
9825
9830
9837
9839
9841
9843
9846
9852
9855
9856
9859
9861
9865
9867
9871
9872
9879
9880
9882
9888
9889
9890
9893
9894
9896
9897
9899
9901
9903
9909
9916
9917
9926
9929
9933
9934
9937
9940
9943
9947
9948
9953
9965
9966
9967
9969
9974
9976
9977
9988
9990
9992
9999
10000
10001
10002
10003
10004
10005
10007
10008
10009
10010
10011
10013
10017
10019
10020
10021
10022
10024
10025
10036
10039
10041
10043
10044
10046
10047
10048
10049
10052
10053
10062
10064
10065
10066
10068
10073
10075
10077
10083
10085
10087
10092
10096
10097
10098
10099
10100
10101
10104
10107
10109
10110
10118
10123
10126
10127
10133
10136
10137
10148
10151
10154
10155
10156
10157
10165
10167
10168
10169
10170
10173
10174
10178
10180
10183
10184
10186
10191
10193
10195
10196
10197
10207
10208
10209
10210
10212
10213
10217
10219
10222
10223
10225
10227
10228
10229
10233
10238
10241
10243
10248
10251
10253
10254
10259
10261
10263
10265
10267
10271
10289
10300
10301
10302
10303
10313
10315
10317
10324
10326
10328
10329
10331
10337
10338
10339
10340
10341
10345
10346
10347
10350
10353
10357
10359
10361
10368
10370
10375
10378
10381
10383
10385
10387
10393
10395
10397
10398
10399
10403
10405
10407
10409
10411
10413
10414
10417
10418
10419
10421
10425
10426
10427
10429
10430
10431
10435
10437
10440
10441
10444
10445
10448
10449
10454
10455
10457
10459
10461
10463
10464
10466
10472
10474
10478
10480
10484
10485
10495
10496
10497
10501
10506
10508
10511
10514
10518
10523
10525
10527
10529
10530
10531
10532
10540
10544
10547
10549
10551
10554
10556
10559
10562
10563
10565
10566
10569
10571
10573
10575
10577
10579
10585
10587
10589
10591
10592
10593
10595
10597
10601
10602
10606
10608
10614
10616
10618
10620
10621
10625
10626
10627
10630
10638
10641
10643
10645
10646
10654
10657
10658
10660
10661
10667
10672
10674
10675
10676
10677
10678
10684
10686
10687
10691
10693
10694
10698
10707
10709
10711
10713
10720
10721
10724
10725
10729
10735
10738
10739
10740
10741
10742
10743
10744
10752
10753
10756
10760
10763
10764
10767
10769
10771
10774
10775
10776
10780
10781
10787
10788
10789
10790
10791
10793
10795
10799
10802
10803
10804
10805
10806
10808
10810
10819
10821
10822
10824
10830
10831
10833
10838
10839
10842
10843
10845
10846
10849
10854
10856
10868
10871
10874
10885
10887
10888
10889
10891
10892
10897
10900
10901
10907
10908
10909
10911
10913
10919
10920
10921
10923
10927
10931
10935
10939
10941
10950
10951
10952
10954
10955
10957
10960
10962
10966
10969
10970
10974
10978
10983
10986
10987
10988
10992
10996
10999
11001
11004
11005
11011
11012
11013
11015
11016
11017
11018
11019
11020
11026
11029
11032
11040
11043
11044
11052
11055
11056
11057
11061
11064
11066
11067
11077
11079
11082
11085
11086
11087
11090
11092
11094
11099
11102
11106
11108
11111
11112
11114
11116
11117
11119
11121
11122
11124
11133
11137
11139
11140
11141
11145
11147
11150
11151
11157
11160
11168
11171
11173
11174
11177
11179
11182
11185
11186
11188
11192
11206
11214
11215
11222
11224
11229
11233
11236
11237
11242
11245
11246
11248
11254
11266
11269
11271
11272
11273
11277
11285
11286
11287
11289
11291
11297
11300
11301
11303
11305
11306
11307
11315
11317
11323
11324
11327
11328
11330
11332
11336
11337
11340
11343
11344
11345
11346
11347
11351
11352
11353
11359
11362
11364
11367
11370
11371
11372
11374
11378
11380
11382
11387
11390
11398
11400
11404
11411
11413
11419
11420
11422
11423
11424
11425
11427
11431
11437
11439
11440
11447
11449
11450
11452
11454
11457
11459
11460
11462
11464
11466
11468
11472
11474
11482
11486
11488
11489
11490
11491
11494
11496
11497
11499
11501
11502
11506
11507
11508
11509
11511
11513
11514
11515
11516
11517
11518
11520
11525
11528
11530
11532
11533
11535
11537
11538
11546
11548
11555
11557
11559
11562
11567
11571
11573
11577
11582
11583
11587
11595
11598
11603
11604
11607
11617
11618
11619
11624
11626
11629
11637
11640
11643
11644
11646
11651
11654
11656
11660
11665
11666
11667
11668
11672
11677
11680
11681
11682
11683
11684
11685
11686
11688
11690
11694
11695
11697
11699
11704
11705
11706
11708
11711
11713
11715
11718
11724
11726
11728
11735
11736
11738
11739
11740
11741
11746
11748
11749
11751
11753
11754
11755
11760
11761
11764
11766
11767
11771
11772
11773
11775
11776
11777
11780
11783
11788
11794
11797
11800
11802
11803
11806
11811
11813
11824
11826
11827
11830
11840
11842
11853
11855
11857
11861
11862
11863
11866
11868
11869
11870
11871
11872
11873
11875
11876
11878
11879
11883
11892
11895
11901
11902
11905
11909
11915
11917
11920
11921
11923
11931
11932
11936
11938
11946
11948
11950
11957
11961
11963
11974
11978
11979
11980
11981
11985
11986
11989
11993
11996
11997
12003
12005
12006
12013
12015
12018
12021
12023
12024
12025
12026
12034
12035
12038
12042
12044
12045
12046
12047
12049
12050
12051
12052
12054
12058
12059
12065
12067
12069
12071
12074
12078
12080
12083
12086
12088
12090
12092
12094
12095
12098
12100
12109
12110
12111
12112
12113
12116
12121
12127
12128
12132
12137
12139
12142
12144
12146
12152
12159
12163
12166
12168
12171
12172
12173
12174
12175
12179
12184
12187
12192
12194
12196
12200
12201
12207
12209
12212
12219
12221
12222
12223
12225
12227
12228
12230
12234
12235
12238
12242
12253
12257
12258
12260
12262
12264
12265
12269
12273
12276
12278
12280
12282
12283
12284
12286
12289
12295
12296
12297
12299
12303
12306
12322
12325
12330
12343
12349
12353
12354
12355
12357
12358
12359
12361
12363
12373
12375
12377
12382
12386
12388
12392
12394
12395
12398
12402
12405
12407
12409
12411
12413
12415
12417
12418
12420
12421
12424
12427
12429
12430
12431
12432
12437
12438
12439
12440
12442
12443
12445
12448
12452
12454
12455
12456
12458
12460
12462
12468
12471
12473
12475
12477
12479
12482
12483
12485
12487
12488
12489
12491
12492
12494
12496
12502
12503
12504
12506
12507
12508
12512
12515
12517
12520
12522
12524
12528
12530
12535
12537
12538
12539
12545
12548
12549
12551
12555
12557
12558
12560
12562
12564
12568
12570
12576
12577
12580
12587
12604
12610
12620
12623
12625
12626
12628
12630
12636
12638
12640
12646
12648
12650
12652
12653
12654
12662
12663
12666
12668
12671
12677
12679
12680
12682
12692
12694
12697
12700
12704
12706
12713
12714
12716
12718
12720
12722
12724
12726
12728
12731
12735
12738
12739
12741
12742
12746
12748
12751
12753
12754
12755
12756
12758
12759
12762
12763
12764
12765
12770
12774
12776
12778
12782
12783
12786
12799
12801
12802
12803
12806
12809
12810
12811
12812
12814
12815
12816
12821
12822
12824
12829
12830
12832
12834
12836
12837
12849
12850
12852
12856
12858
12860
12865
12873
12874
12875
12876
12879
12880
12882
12884
12885
12888
12889
12891
12893
12897
12900
12903
12908
12909
12912
12914
12916
12920
12921
12926
12929
12930
12933
12936
12938
12939
12943
12945
12946
12948
12952
12955
12959
12960
12964
12966
12967
12968
12969
12974
12977
12980
12983
12984
12985
12986
12987
12989
12999
13001
13005
13006
13007
13009
13010
13011
13012
13017
13018
13022
13025
13027
13031
13032
13040
13041
13045
13050
13054
13058
13061
13062
13063
13065
13067
13073
13075
13076
13079
13080
13084
13086
13089
13090
13093
13095
13097
13101
13102
13105
13106
13110
13111
13120
13122
13124
13129
13131
13132
13133
13135
13137
13141
13143
13144
13149
13154
13155
13163
13164
13165
13171
13174
13176
13177
13181
13182
13183
13184
13186
13187
13188
13189
13192
13197
13200
13201
13203
13205
13207
13208
13209
13213
13215
13217
13221
13222
13229
13233
13235
13239
13240
13243
13249
13253
13254
13256
13257
13258
13261
13264
13265
13269
13279
13286
13292
13295
13297
13299
13302
13306
13307
13308
13313
13314
13317
13319
13324
13330
13333
13334
13335
13338
13343
13344
13347
13353
13360
13362
13364
13366
13369
13371
13381
13384
13385
13386
13388
13391
13395
13396
13399
13401
13404
13407
13409
13411
13414
13416
13418
13419
13420
13424
13425
13428
13430
13433
13435
13437
13439
13440
13442
13444
13450
13452
13455
13458
13461
13462
13464
13467
13469
13471
13472
13475
13477
13484
13485
13486
13488
13489
13493
13494
13496
13497
13498
13500
13501
13502
13504
13505
13506
13507
13508
13512
13514
13516
13518
13520
13522
13523
13524
13531
13532
13533
13537
13541
13542
13544
13546
13560
13562
13568
13569
13572
13582
13586
13588
13590
13593
13599
13601
13605
13607
13609
13611
13615
13618
13619
13621
13623
13624
13626
13627
13630
13631
13632
13633
13635
13648
13650
13653
13655
13657
13664
13666
13668
13675
13676
13683
13685
13690
13697
13699
13700
13703
13704
13705
13707
13708
13709
13711
13724
13727
13730
13731
13733
13734
13736
13737
13738
13750
13752
13762
13764
13766
13773
13776
13777
13781
13785
13788
13790
13791
13792
13793
13795
13797
13800
13801
13810
13811
13812
13815
13817
13818
13821
13826
13828
13830
13831
13832
13833
13835
13837
13838
13842
13845
13846
13847
13850
13852
13853
13854
13855
13857
13859
13861
13862
13869
13878
13880
13882
13884
13885
13886
13887
13888
13890
13893
13895
13896
13898
13900
13902
13906
13907
13910
13912
13915
13918
13919
13920
13926
13927
13928
13934
13942
13945
13947
13948
13955
13958
13962
13963
13967
13980
13982
13983
13985
13989
13994
13995
13996
14004
14007
14011
14013
14015
14019
14021
14022
14024
14031
14045
14046
14047
14049
14050
14053
14057
14060
14062
14064
14065
14069
14070
14071
14077
14080
14081
14086
14088
14095
14097
14099
14103
14105
14107
14108
14109
14110
14112
14114
14116
14117
14118
14120
14125
14127
14129
14130
14131
14139
14142
14143
14145
14150
14155
14156
14157
14158
14159
14161
14162
14164
14168
14172
14174
14176
14177
14179
14181
14182
14183
14185
14186
14187
14190
14191
14193
14195
14199
14200
14204
14212
14214
14215
14216
14217
14219
14221
14222
14226
14229
14230
14231
14232
14233
14235
14236
14237
14239
14240
14243
14260
14266
14268
14271
14274
14275
14277
14279
14283
14285
14286
14288
14289
14290
14291
14294
14305
14306
14308
14310
14312
14313
14314
14315
14318
14319
14326
14329
14330
14334
14335
14339
14341
14343
14345
14346
14348
14349
14350
14355
14357
14360
14365
14373
14384
14386
14391
14393
14395
14399
14402
14404
14405
14406
14407
14408
14409
14412
14414
14416
14420
14423
14427
14430
14433
14434
14436
14441
14443
14444
14448
14452
14468
14470
14471
14472
14477
14480
14485
14487
14495
14498
14501
14502
14503
14505
14506
14507
14512
14513
14516
14520
14521
14527
14529
14531
14533
14535
14536
14538
14539
14540
14542
14543
14544
14549
14551
14556
14557
14558
14566
14571
14578
14579
14581
14586
14588
14591
14592
14594
14598
14599
14600
14601
14602
14603
14605
14606
14607
14613
14620
14621
14622
14625
14627
14628
14629
14630
14634
14639
14643
14645
14649
14652
14653
14654
14655
14656
14659
14663
14665
14668
14672
14676
14685
14690
14697
14700
14701
14703
14706
14708
14710
14712
14713
14714
14716
14717
14718
14724
14728
14729
14731
14738
14746
14747
14751
14752
14753
14754
14756
14759
14760
14761
14763
14764
14765
14768
14770
14771
14772
14780
14781
14784
14785
14786
14787
14794
14799
14800
14801
14807
14808
14810
14811
14815
14817
14818
14823
14825
14828
14829
14832
14834
14837
14840
14841
14842
14844
14846
14860
14862
14864
14874
14875
14877
14878
14882
14884
14885
14888
14889
14891
14905
14913
14915
14916
14918
14919
14920
14922
14925
14929
14932
14935
14936
14938
14941
14943
14944
14946
14948
14950
14952
14953
14955
14958
14965
14966
14968
14973
14974
14976
14977
14982
14984
14985
14987
14991
14993
14995
14997
15004
15008
15009
15012
15013
15014
15019
15026
15035
15038
15039
15040
15043
15047
15049
15050
15052
15055
15060
15062
15064
15067
15073
15074
15083
15090
15092
15093
15095
15100
15101
15104
15107
15108
15109
15119
15120
15124
15126
15127
15129
15131
15133
15136
15137
15139
15140
15141
15146
15151
15158
15161
15163
15164
15168
15169
15170
15171
15172
15175
15185
15186
15187
15190
15191
15192
15195
15198
15199
15205
15209
15211
15216
15218
15220
15221
15229
15230
15232
15234
15235
15239
15244
15245
15246
15251
15253
15256
15260
15262
15266
15267
15268
15271
15277
15282
15283
15289
15291
15293
15294
15299
15300
15302
15305
15306
15310
15312
15314
15315
15316
15321
15322
15323
15324
15325
15328
15330
15339
15341
15345
15347
15351
15353
15354
15358
15361
15362
15363
15364
15366
15372
15380
15381
15384
15386
15387
15391
15393
15395
15404
15409
15412
15413
15416
15417
15420
15426
15429
15431
15432
15435
15437
15439
15444
15448
15452
15456
15458
15466
15470
15471
15472
15475
15477
15478
15483
15484
15489
15496
15498
15504
15506
15508
15514
15515
15519
15524
15532
15537
15538
15539
15543
15546
15548
15549
15551
15559
15561
15563
15565
15566
15568
15572
15574
15575
15579
15584
15586
15588
15590
15592
15598
15599
15600
15602
15603
15609
15610
15615
15617
15619
15620
15621
15625
15629
15631
15634
15637
15639
15641
15642
15646
15649
15651
15652
15655
15656
15657
15658
15659
15660
15662
15667
15668
15669
15670
15671
15672
15674
15675
15680
15682
15683
15685
15686
15689
15692
15696
15697
15699
15703
15704
15705
15711
15712
15713
15714
15715
15717
15721
15726
15728
15729
15732
15733
15734
15736
15744
15745
15746
15747
15754
15757
15758
15763
15765
15767
15774
15776
15779
15784
15788
15789
15791
15792
15793
15794
15796
15797
15803
15804
15805
15812
15813
15814
15816
15817
15818
15821
15823
15827
15829
15831
15832
15833
15834
15837
15848
15849
15851
15859
15861
15863
15865
15867
15874
15875
15878
15879
15880
15882
15883
15887
15889
15891
15892
15893
15901
15903
15905
15908
15909
15910
15914
15915
15916
15918
15921
15922
15926
15927
15928
15930
15934
15935
15936
15940
15944
15946
15947
15948
15953
15960
15961
15963
15966
15969
15976
15979
15983
15984
15985
15986
15988
15990
15999
16000
16001
16008
16010
16015
16026
16027
16030
16038
16039
16043
16045
16054
16057
16060
16062
16063
16064
16072
16073
16076
16078
16080
16082
16084
16085
16087
16089
16091
16093
16097
16100
16101
16102
16103
16106
16112
16114
16115
16116
16117
16118
16121
16124
16128
16131
16133
16136
16138
16139
16142
16144
16146
16148
16150
16153
16154
16155
16157
16162
16164
16166
16168
16170
16171
16172
16173
16174
16177
16178
16179
16189
16191
16193
16199
16205
16208
16209
16210
16211
16214
16216
16220
16222
16229
16233
16238
16239
16240
16242
16243
16246
16247
16248
16249
16250
16252
16253
16254
16257
16258
16261
16262
16263
16265
16271
16273
16283
16284
16285
16288
16290
16293
16295
16297
16298
16299
16300
16302
16306
16310
16319
16323
16327
16336
16338
16343
16344
16347
16351
16352
16353
16355
16356
16357
16361
16363
16366
16367
16371
16372
16373
16374
16376
16377
16378
16380
16383
16384
16387
16395
16396
16398
16401
16403
16405
16407
16411
16417
16421
16423
16425
16427
16430
16431
16438
16441
16442
16451
16452
16453
16454
16455
16457
16458
16461
16463
16464
16465
16466
16467
16468
16470
16472
16474
16476
16479
16480
16481
16484
16485
16486
16487
16498
16499
16502
16503
16508
16509
16510
16512
16516
16523
16524
16526
16533
16537
16539
16540
16545
16547
16552
16554
16557
16559
16561
16563
16565
16569
16571
16575
16582
16583
16585
16587
16588
16589
16590
16596
16599
16600
16602
16603
16612
16614
16622
16623
16626
16627
16631
16632
16636
16640
16642
16643
16644
16646
16647
16656
16657
16666
16672
16676
16681
16685
16687
16689
16690
16692
16695
16697
16711
16720
16722
16725
16726
16730
16731
16733
16734
16738
16740
16742
16743
16747
16751
16752
16753
16756
16760
16765
16773
16775
16777
16784
16788
16789
16790
16792
16794
16796
16797
16799
16803
16804
16806
16807
16809
16810
16811
16812
16814
16815
16817
16818
16823
16825
16827
16828
16830
16834
16838
16839
16840
16841
16844
16845
16846
16849
16851
16855
16862
16873
16876
16881
16885
16888
16890
16892
16894
16896
16897
16898
16899
16900
16903
16907
16908
16910
16913
16914
16915
16919
16923
16924
16925
16926
16932
16933
16935
16942
16946
16947
16948
16950
16952
16960
16961
16965
16970
16972
16974
16976
16977
16981
16982
16983
16984
16986
16988
16990
16991
16993
16995
16997
16998
17005
17006
17010
17011
17012
17014
17023
17025
17027
17030
17032
17045
17051
17057
17059
17061
17063
17068
17069
17070
17073
17075
17079
17086
17094
17098
17104
17106
17108
17110
17112
17114
17118
17121
17126
17128
17135
17138
17141
17143
17145
17147
17148
17152
17154
17156
17160
17161
17162
17165
17175
17176
17179
17181
17182
17183
17187
17189
17191
17193
17194
17195
17196
17201
17204
17205
17208
17211
17212
17215
17217
17219
17222
17225
17226
17227
17231
17232
17236
17238
17241
17243
17248
17249
17251
17253
17255
17256
17259
17267
17279
17281
17285
17289
17290
17291
17293
17296
17298
17300
17308
17309
17310
17312
17314
17315
17316
17317
17318
17319
17320
17322
17325
17327
17331
17333
17334
17335
17336
17337
17338
17341
17345
17347
17348
17354
17359
17360
17361
17362
17366
17368
17370
17374
17380
17382
17389
17396
17397
17399
17405
17406
17408
17409
17410
17411
17413
17415
17419
17428
17432
17433
17435
17441
17444
17447
17451
17453
17455
17460
17462
17467
17468
17470
17472
17475
17477
17478
17481
17484
17485
17486
17488
17490
17491
17492
17496
17504
17506
17508
17512
17514
17516
17519
17520
17526
17528
17529
17532
17533
17536
17538
17539
17540
17542
17543
17545
17548
17551
17553
17557
17564
17565
17570
17571
17573
17576
17577
17579
17583
17584
17586
17587
17598
17600
17601
17602
17605
17608
17610
17613
17614
17617
17620
17621
17622
17623
17627
17628
17632
17633
17640
17646
17647
17648
17650
17651
17656
17658
17662
17663
17664
17669
17670
17671
17672
17673
17675
17676
17685
17692
17698
17699
17704
17709
17714
17717
17719
17720
17722
17730
17731
17732
17734
17735
17739
17741
17747
17748
17749
17754
17756
17759
17765
17769
17770
17773
17775
17776
17777
17778
17779
17780
17782
17783
17785
17787
17788
17796
17800
17802
17806
17807
17809
17817
17819
17828
17830
17832
17839
17841
17843
17844
17845
17846
17849
17853
17856
17860
17865
17867
17869
17874
17876
17877
17879
17880
17883
17889
17890
17894
17895
17897
17900
17902
17908
17913
17914
17918
17920
17924
17927
17931
17932
17936
17942
17944
17948
17951
17952
17955
17956
17959
17962
17964
17965
17967
17968
17972
17973
17975
17978
17981
17983
17986
17988
17991
17993
17995
17998
18000
18002
18003
18008
18011
18012
18014
18017
18021
18023
18025
18031
18033
18035
18037
18039
18040
18045
18046
18049
18050
18051
18053
18062
18064
18066
18074
18076
18079
18081
18086
18088
18090
18092
18094
18096
18098
18102
18104
18106
18108
18109
18114
18116
18118
18120
18121
18126
18130
18132
18133
18137
18141
18143
18146
18147
18154
18161
18163
18169
18172
18173
18175
18177
18182
18183
18184
18188
18189
18192
18193
18194
18195
18197
18198
18200
18201
18204
18207
18208
18209
18210
18211
18213
18215
18216
18220
18228
18230
18233
18239
18244
18248
18250
18253
18255
18258
18262
18263
18264
18265
18266
18277
18278
18279
18280
18281
18287
18292
18295
18296
18297
18298
18299
18303
18304
18306
18307
18309
18312
18314
18316
18318
18320
18326
18332
18334
18340
18357
18359
18360
18362
18368
18371
18372
18385
18387
18388
18389
18393
18395
18401
18407
18408
18409
18411
18413
18415
18421
18423
18426
18427
18430
18431
18433
18434
18436
18437
18439
18441
18447
18449
18457
18458
18460
18461
18467
18468
18469
18472
18474
18476
18477
18480
18481
18484
18485
18486
18488
18490
18492
18495
18500
18505
18508
18515
18516
18517
18518
18519
18520
18522
18523
18524
18525
18530
18531
18532
18533
18535
18536
18538
18543
18544
18545
18553
18555
18557
18563
18570
18574
18576
18577
18579
18583
18592
18594
18597
18602
18603
18604
18605
18606
18611
18614
18620
18624
18626
18628
18630
18632
18633
18637
18638
18639
18642
18643
18646
18648
18651
18652
18653
18655
18659
18661
18663
18668
18671
18676
18678
18680
18686
18687
18688
18693
18695
18703
18705
18706
18707
18710
18717
18724
18726
18727
18729
18737
18744
18748
18751
18753
18757
18765
18767
18771
18774
18776
18778
18780
18788
18798
18800
18801
18804
18811
18812
18813
18815
18817
18818
18819
18822
18824
18826
18832
18836
18838
18839
18840
18841
18842
18843
18847
18848
18849
18851
18856
18859
18860
18862
18863
18864
18866
18869
18870
18871
18876
18877
18879
18881
18882
18884
18890
18891
18894
18895
18897
18898
18899
18901
18902
18903
18904
18907
18911
18915
18918
18923
18924
18926
18928
18932
18933
18935
18936
18941
18947
18948
18949
18951
18952
18953
18955
18958
18960
18961
18962
18963
18970
18972
18977
18983
18987
18988
18991
18992
18993
18994
19003
19005
19006
19008
19011
19013
19014
19015
19021
19023
19026
19027
19034
19046
19047
19050
19053
19057
19060
19061
19064
19066
19070
19072
19076
19077
19078
19081
19082
19083
19084
19086
19087
19097
19098
19100
19103
19104
19105
19106
19109
19111
19113
19116
19119
19120
19123
19124
19126
19127
19128
19130
19136
19139
19140
19143
19147
19150
19152
19156
19158
19160
19163
19165
19169
19170
19171
19172
19174
19176
19177
19182
19183
19185
19191
19193
19194
19195
19196
19197
19201
19203
19205
19208
19209
19211
19213
19214
19216
19227
19228
19229
19231
19232
19235
19237
19241
19242
19246
19248
19249
19251
19253
19255
19256
19257
19263
19265
19267
19277
19278
19283
19286
19287
19289
19292
19293
19296
19297
19301
19302
19304
19305
19307
19309
19314
19317
19319
19320
19326
19329
19330
19331
19333
19337
19341
19345
19347
19352
19357
19361
19367
19375
19377
19382
19388
19391
19400
19403
19407
19420
19422
19423
19427
19428
19445
19448
19457
19462
19463
19466
19469
19480
19481
19484
19489
19490
19491
19492
19493
19495
19499
19500
19502
19504
19506
19508
19512
19515
19517
19520
19522
19523
19525
19527
19528
19535
19536
19538
19541
19547
19548
19549
19550
19551
19552
19553
19554
19556
19557
19562
19566
19567
19569
19572
19573
19576
19577
19581
19584
19589
19591
19594
19598
19599
19600
19602
19603
19604
19608
19610
19611
19612
19613
19621
19624
19625
19626
19630
19633
19634
19635
19640
19642
19645
19647
19650
19652
19654
19662
19665
19667
19668
19671
19677
19678
19681
19684
19689
19692
19696
19703
19705
19706
19708
19709
19712
19714
19715
19716
19717
19724
19726
19727
19728
19730
19731
19732
19733
19738
19740
19743
19744
19746
19748
19753
19755
19756
19757
19759
19760
19761
19762
19764
19766
19770
19775
19777
19779
19780
19783
19787
19791
19800
19801
19808
19810
19814
19815
19816
19817
19818
19819
19824
19825
19831
19839
19845
19846
19853
19854
19855
19864
19870
19872
19875
19884
19890
19894
19900
19904
19906
19910
19914
19917
19919
19920
19921
19924
19927
19930
19932
19933
19935
19939
19941
19946
19953
19962
19965
19966
19968
19969
19971
19972
19973
19975
19976
19977
19979
19981
19986
19987
19989
19992
19995
19996
20001
20003
20004
20007
20009
20015
20017
20019
20020
20023
20024
20028
20033
20036
20042
20045
20047
20049
20050
20052
20054
20056
20058
20066
20067
20077
20078
20081
20082
20083
20084
20085
20088
20089
20090
20091
20092
20093
20096
20098
20101
20114
20121
20122
20123
20125
20131
20132
20133
20134
20135
20136
20137
20138
20140
20147
20155
20157
20159
20160
20162
20165
20170
20171
20172
20174
20175
20176
20178
20180
20184
20190
20193
20194
20200
20201
20203
20204
20209
20211
20216
20223
20225
20227
20230
20239
20241
20243
20244
20246
20247
20250
20252
20254
20256
20258
20260
20266
20267
20268
20270
20277
20278
20280
20285
20288
20289
20290
20292
20293
20295
20300
20304
20308
20312
20314
20316
20323
20328
20330
20331
20334
20336
20337
20339
20342
20345
20347
20353
20355
20356
20358
20359
20361
20362
20365
20368
20369
20372
20373
20376
20381
20385
20386
20388
20392
20393
20394
20401
20402
20407
20412
20423
20427
20432
20434
20437
20441
20443
20445
20463
20468
20474
20478
20479
20480
20481
20484
20490
20492
20493
20495
20501
20507
20510
20515
20516
20519
20520
20521
20522
20523
20524
20526
20531
20535
20537
20542
20544
20545
20546
20548
20549
20551
20552
20554
20555
20556
20558
20559
20560
20561
20562
20563
20564
20565
20566
20569
20572
20573
20576
20578
20579
20582
20588
20589
20591
20592
20593
20594
20598
20600
20604
20605
20607
20608
20611
20612
20614
20616
20618
20619
20621
20623
20624
20625
20626
20627
20628
20635
20638
20639
20641
20645
20647
20649
20651
20652
20653
20657
20658
20659
20661
20664
20666
20667
20673
20675
20678
20680
20683
20687
20688
20689
20693
20696
20697
20700
20701
20703
20706
20707
20708
20710
20714
20715
20716
20721
20722
20724
20725
20726
20727
20731
20734
20735
20736
20738
20740
20750
20754
20755
20758
20759
20767
20769
20770
20771
20773
20774
20775
20776
20781
20784
20791
20793
20794
20795
20797
20802
20809
20811
20812
20815
20817
20822
20825
20829
20831
20836
20841
20844
20845
20846
20847
20850
20852
20853
20863
20867
20877
20880
20881
20883
20884
20889
20890
20893
20895
20897
20904
20905
20906
20907
20909
20918
20921
20924
20926
20928
20929
20933
20937
20942
20943
20945
20946
20952
20959
20962
20968
20970
20971
20972
20973
20974
20976
20980
20990
20998
20999
21001
21008
21010
21012
21014
21021
21023
21025
21027
21035
21036
21038
21039
21041
21052
21053
21057
21059
21061
21066
21074
21077
21082
21086
21088
21090
21096
21097
21098
21101
21102
21103
21105
21116
21120
21121
21124
21126
21130
21132
21133
21136
21138
21141
21146
21148
21150
21152
21154
21156
21157
21159
21163
21168
21169
21170
21175
21176
21179
21181
21182
21183
21186
21188
21190
21192
21196
21197
21199
21201
21205
21215
21217
21218
21221
21222
21224
21226
21229
21231
21232
21233
21234
21238
21240
21242
21244
21247
21248
21249
21251
21253
21260
21263
21266
21268
21270
21274
21275
21277
21278
21281
21288
21290
21292
21294
21301
21303
21307
21310
21312
21314
21320
21328
21334
21336
21337
21341
21343
21345
21349
21350
21352
21361
21364
21366
21367
21373
21376
21385
21390
21392
21393
21395
21396
21399
21400
21401
21403
21405
21408
21412
21413
21422
21423
21424
21425
21430
21432
21434
21435
21443
21445
21451
21454
21455
21459
21462
21465
21466
21467
21469
21472
21473
21476
21485
21489
21491
21493
21497
21501
21504
21509
21511
21512
21515
21517
21518
21520
21523
21525
21527
21528
21530
21533
21536
21538
21550
21553
21556
21557
21558
21560
21569
21572
21574
21575
21577
21578
21579
21580
21585
21586
21587
21588
21589
21590
21592
21594
21595
21596
21599
21600
21602
21604
21606
21616
21619
21620
21621
21626
21635
21636
21640
21642
21646
21647
21651
21654
21655
21658
21662
21663
21665
21673
21675
21676
21680
21682
21684
21685
21689
21694
21697
21704
21706
21708
21709
21711
21713
21715
21716
21717
21721
21728
21730
21732
21742
21746
21747
21748
21750
21752
21753
21758
21759
21763
21765
21768
21770
21774
21777
21778
21780
21784
21785
21789
21791
21796
21800
21801
21807
21815
21817
21820
21830
21832
21835
21837
21842
21850
21851
21853
21855
21857
21861
21866
21875
21879
21887
21895
21896
21897
21905
21908
21912
21922
21924
21927
21931
21934
21938
21941
21943
21945
21948
21950
21952
21954
21955
21957
21959
21963
21965
21966
21967
21968
21969
21970
21974
21977
21980
21982
21983
21985
21987
21989
21995
22001
22003
22005
22007
22012
22015
22019
22021
22022
22023
22027
22032
22033
22035
22039
22042
22043
22044
22047
22048
22052
22056
22059
22062
22063
22064
22065
22069
22072
22074
22075
22078
22081
22085
22087
22088
22089
22090
22092
22093
22095
22096
22098
22100
22111
22113
22116
22117
22118
22120
22123
22129
22135
22137
22138
22141
22143
22147
22149
22151
22155
22156
22159
22160
22172
22177
22181
22182
22183
22192
22193
22194
22195
22196
22206
22211
22216
22218
22219
22221
22224
22225
22235
22236
22237
22240
22242
22243
22246
22253
22254
22255
22263
22264
22266
22270
22271
22275
22278
22280
22284
22286
22287
22289
22291
22292
22293
22295
22305
22308
22309
22310
22311
22312
22314
22316
22319
22320
22324
22327
22328
22329
22332
22337
22338
22339
22341
22342
22346
22349
22351
22355
22357
22360
22361
22364
22368
22371
22372
22374
22378
22385
22389
22391
22393
22401
22403
22406
22411
22415
22417
22420
22422
22426
22427
22429
22433
22437
22438
22440
22441
22442
22443
22445
22447
22449
22453
22457
22458
22461
22462
22466
22468
22472
22476
22483
22484
22485
22487
22490
22492
22493
22499
22506
22508
22510
22518
22521
22524
22525
22527
22530
22531
22532
22534
22536
22539
22542
22543
22546
22547
22550
22551
22558
22559
22560
22563
22565
22574
22575
22578
22579
22584
22585
22586
22588
22593
22598
22602
22604
22608
22612
22613
22614
22616
22618
22622
22625
22627
22633
22634
22636
22637
22640
22641
22643
22644
22648
22651
22655
22656
22657
22659
22661
22663
22669
22676
22677
22678
22679
22680
22683
22687
22691
22695
22697
22700
22701
22702
22703
22705
22708
22709
22710
22721
22722
22724
22726
22729
22733
22736
22738
22740
22757
22759
22760
22761
22762
22769
22771
22774
22776
22779
22780
22781
22786
22789
22796
22804
22806
22807
22808
22811
22813
22823
22827
22830
22831
22832
22835
22836
22839
22842
22844
22847
22851
22852
22855
22856
22857
22858
22859
22861
22866
22868
22869
22870
22871
22873
22878
22881
22882
22883
22884
22885
22887
22893
22894
22895
22897
22903
22904
22905
22908
22909
22910
22911
22912
22914
22923
22929
22931
22932
22934
22936
22937
22940
22943
22946
22953
22955
22957
22960
22962
22963
22965
22967
22969
22977
22981
22986
22987
22990
22997
23000
23001
23003
23004
23006
23008
23012
23014
23015
23016
23019
23024
23027
23032
23037
23040
23041
23043
23051
23054
23055
23056
23059
23060
23061
23063
23065
23066
23067
23072
23074
23075
23082
23086
23088
23095
23096
23099
23103
23104
23107
23112
23114
23115
23116
23119
23121
23122
23123
23127
23131
23132
23133
23136
23141
23143
23144
23148
23150
23157
23161
23165
23167
23168
23169
23170
23171
23174
23175
23177
23179
23186
23189
23190
23191
23193
23197
23199
23202
23211
23212
23214
23216
23217
23218
23219
23220
23221
23232
23237
23238
23240
23243
23250
23261
23263
23266
23269
23275
23276
23277
23278
23281
23285
23287
23288
23289
23291
23293
23296
23299
23302
23304
23311
23317
23319
23322
23323
23330
23334
23339
23342
23344
23348
23350
23351
23354
23362
23365
23367
23369
23373
23375
23376
23380
23381
23383
23385
23388
23389
23391
23392
23398
23399
23406
23408
23411
23412
23415
23416
23419
23420
23421
23423
23424
23426
23427
23431
23433
23439
23442
23444
23451
23452
23454
23455
23456
23459
23461
23462
23466
23467
23469
23474
23476
23477
23479
23497
23498
23499
23500
23507
23518
23523
23527
23529
23531
23533
23534
23535
23536
23537
23540
23542
23543
23546
23548
23550
23552
23556
23557
23558
23559
23564
23571
23573
23574
23582
23584
23587
23593
23597
23602
23604
23609
23610
23612
23614
23619
23621
23622
23623
23624
23625
23627
23631
23633
23634
23635
23640
23642
23643
23645
23648
23649
23650
23651
23652
23653
23654
23655
23657
23660
23671
23673
23678
23680
23682
23687
23692
23695
23702
23706
23707
23711
23718
23719
23722
23724
23725
23726
23727
23731
23732
23735
23740
23742
23746
23747
23748
23749
23752
23754
23756
23757
23765
23767
23769
23770
23773
23779
23783
23784
23785
23786
23787
23797
23799
23802
23804
23806
23807
23808
23809
23814
23824
23825
23827
23830
23832
23836
23840
23844
23848
23856
23861
23862
23868
23870
23872
23875
23877
23878
23879
23881
23890
23891
23893
23895
23898
23899
23902
23914
23919
23920
23921
23922
23926
23929
23930
23936
23939
23941
23944
23946
23948
23952
23953
23954
23958
23961
23962
23966
23967
23972
23976
23977
23978
23979
23980
23982
23983
23986
23988
23990
23991
23992
23994
23995
23998
23999
24001
24002
24003
24004
24005
24013
24015
24018
24021
24022
24023
24025
24026
24029
24036
24037
24040
24044
24045
24048
24049
24050
24052
24053
24055
24056
24057
24063
24066
24068
24071
24073
24077
24079
24081
24084
24086
24088
24090
24094
24097
24104
24105
24107
24111
24116
24120
24121
24122
24123
24125
24128
24131
24133
24139
24141
24147
24149
24155
24156
24158
24159
24161
24165
24167
24169
24172
24174
24176
24178
24181
24182
24183
24184
24187
24190
24191
24192
24198
24199
24201
24202
24205
24206
24208
24209
24211
24213
24215
24216
24218
24219
24223
24226
24227
24228
24230
24236
24238
24241
24242
24245
24251
24252
24253
24254
24255
24256
24258
24261
24264
24265
24267
24271
24274
24277
24279
24282
24286
24293
24294
24300
24302
24308
24315
24319
24322
24327
24329
24332
24335
24336
24343
24345
24346
24350
24353
24355
24357
24359
24361
24364
24365
24366
24370
24373
24374
24377
24386
24388
24390
24391
24396
24398
24400
24401
24402
24404
24405
24419
24421
24423
24429
24431
24433
24436
24438
24439
24441
24442
24443
24444
24446
24448
24449
24451
24452
24453
24455
24461
24462
24464
24466
24467
24469
24471
24472
24478
24480
24481
24482
24489
24497
24501
24503
24510
24514
24516
24518
24521
24524
24525
24528
24537
24545
24546
24548
24550
24551
24552
24554
24555
24561
24565
24566
24567
24569
24574
24576
24578
24582
24588
24595
24596
24597
24599
24602
24606
24610
24611
24612
24619
24623
24626
24628
24632
24633
24635
24639
24640
24648
24658
24660
24667
24669
24670
24672
24673
24674
24675
24681
24685
24686
24691
24697
24699
24702
24704
24711
24716
24720
24722
24723
24725
24729
24730
24731
24732
24739
24741
24755
24761
24763
24764
24765
24766
24768
24769
24772
24775
24776
24777
24782
24783
24784
24785
24786
24787
24788
24793
24795
24796
24800
24801
24802
24803
24805
24807
24809
24817
24818
24820
24824
24826
24827
24830
24832
24835
24839
24841
24844
24850
24851
24854
24856
24858
24860
24862
24864
24868
24874
24876
24881
24886
24890
24892
24897
24898
24899
24901
24904
24907
24912
24916
24918
24921
24925
24930
24931
24932
24933
24935
24938
24940
24942
24944
24945
24948
24950
24953
24962
24963
24964
24974
24976
24978
24981
24984
24992
24994
24996
25001
25002
25005
25006
25008
25010
25011
25013
25015
25017
25019
25022
25024
25025
25026
25028
25035
25040
25042
25045
25049
25052
25054
25056
25060
25067
25071
25075
25079
25080
25088
25095
25096
25097
25098
25100
25101
25102
25106
25107
25111
25113
25114
25116
25118
25121
25122
25124
25127
25130
25133
25134
25137
25139
25147
25148
25157
25161
25162
25164
25167
25169
25170
25171
25173
25174
25175
25178
25180
25183
25184
25185
25187
25188
25190
25192
25193
25199
25200
25201
25203
25204
25205
25206
25207
25210
25211
25212
25215
25217
25219
25220
25221
25225
25232
25233
25234
25240
25242
25243
25247
25249
25254
25256
25258
25261
25264
25265
25268
25275
25278
25281
25282
25283
25284
25286
25290
25292
25294
25299
25304
25309
25314
25320
25325
25332
25334
25339
25340
25341
25343
25345
25347
25355
25359
25361
25362
25365
25368
25373
25377
25383
25387
25388
25391
25395
25397
25398
25399
25401
25402
25403
25404
25406
25407
25409
25410
25413
25417
25427
25428
25432
25433
25434
25437
25441
25444
25448
25452
25453
25454
25457
25458
25460
25461
25462
25473
25474
25475
25476
25478
25486
25487
25491
25492
25493
25499
25506
25508
25509
25510
25511
25512
25515
25517
25520
25521
25525
25527
25529
25539
25541
25557
25558
25559
25560
25561
25564
25567
25569
25571
25573
25578
25579
25581
25584
25586
25589
25595
25601
25605
25608
25609
25612
25616
25619
25620
25626
25627
25628
25631
25633
25634
25638
25641
25642
25643
25644
25645
25646
25653
25656
25657
25658
25663
25664
25667
25669
25672
25673
25674
25675
25676
25678
25680
25681
25682
25683
25687
25689
25690
25692
25693
25694
25704
25706
25707
25708
25709
25711
25713
25714
25715
25717
25721
25724
25728
25733
25736
25737
25738
25741
25745
25752
25753
25756
25761
25762
25763
25765
25768
25770
25774
25775
25776
25777
25781
25784
25788
25789
25790
25791
25792
25795
25798
25799
25800
25801
25802
25804
25806
25811
25812
25818
25820
25821
25826
25835
25836
25837
25849
25855
25856
25857
25858
25866
25868
25870
25871
25875
25876
25880
25881
25888
25889
25890
25892
25894
25896
25899
25903
25905
25906
25907
25910
25912
25917
25918
25919
25920
25922
25925
25927
25928
25933
25936
25939
25947
25948
25949
25950
25953
25955
25960
25962
25965
25966
25967
25969
25973
25974
25980
25982
25983
25987
25993
25994
25996
26000
26001
26004
26006
26009
26013
26016
26017
26018
26020
26024
26025
26026
26028
26031
26032
26042
26046
26049
26050
26052
26054
26056
26058
26060
26063
26065
26074
26075
26076
26079
26083
26084
26087
26091
26092
26094
26096
26097
26099
26100
26103
26104
26108
26110
26112
26116
26118
26119
26120
26123
26124
26125
26126
26129
26130
26131
26132
26136
26137
26138
26139
26140
26141
26142
26144
26145
26147
26149
26151
26152
26155
26160
26161
26162
26164
26169
26176
26179
26182
26183
26184
26185
26186
26187
26188
26191
26196
26203
26206
26208
26216
26219
26222
26225
26227
26229
26236
26237
26239
26245
26246
26252
26253
26254
26255
26256
26261
26263
26267
26269
26273
26274
26275
26277
26279
26280
26281
26284
26285
26293
26297
26303
26308
26311
26315
26316
26317
26318
26321
26323
26333
26335
26340
26343
26348
26349
26350
26352
26354
26355
26357
26360
26367
26370
26371
26372
26373
26374
26379
26380
26381
26383
26384
26391
26399
26400
26402
26403
26405
26406
26407
26409
26410
26414
26416
26423
26426
26428
26430
26431
26432
26434
26435
26436
26441
26442
26444
26445
26447
26448
26449
26450
26451
26453
26455
26457
26459
26465
26467
26469
26471
26476
26479
26482
26485
26488
26491
26497
26498
26500
26501
26502
26503
26505
26506
26507
26508
26509
26510
26513
26516
26517
26522
26525
26526
26527
26529
26534
26535
26538
26552
26554
26556
26560
26562
26566
26568
26572
26578
26580
26584
26589
26591
26595
26597
26601
26602
26611
26612
26614
26616
26618
26620
26627
26628
26634
26635
26640
26648
26651
26653
26654
26656
26659
26660
26661
26664
26665
26667
26671
26677
26678
26681
26682
26685
26686
26687
26690
26692
26697
26699
26700
26701
26702
26703
26708
26709
26711
26714
26715
26716
26717
26721
26724
26727
26730
26732
26740
26745
26747
26748
26749
26753
26756
26762
26765
26767
26770
26771
26777
26782
26784
26787
26791
26793
26794
26795
26796
26798
26802
26804
26805
26813
26814
26815
26816
26817
26819
26824
26837
26841
26843
26845
26846
26848
26857
26858
26859
26860
26861
26864
26865
26872
26873
26874
26875
26877
26881
26882
26885
26895
26899
26904
26907
26908
26914
26915
26920
26925
26927
26928
26931
26936
26939
26941
26943
26945
26946
26947
26948
26950
26951
26959
26962
26963
26966
26969
26970
26977
26979
26983
26985
26988
26989
26990
26991
26992
27006
27007
27008
27012
27014
27015
27017
27019
27020
27021
27028
27030
27032
27037
27042
27045
27047
27049
27050
27051
27053
27055
27056
27057
27058
27059
27060
27061
27062
27063
27065
27070
27074
27081
27085
27092
27094
27096
27097
27102
27104
27108
27110
27112
27113
27114
27115
27116
27117
27118
27120
27121
27124
27125
27132
27135
27136
27141
27144
27145
27148
27150
27151
27152
27154
27155
27161
27162
27165
27171
27174
27177
27181
27184
27187
27192
27194
27196
27197
27200
27202
27205
27206
27208
27209
27210
27212
27214
27216
27218
27222
27227
27234
27235
27236
27238
27239
27240
27246
27247
27250
27256
27262
27265
27269
27272
27273
27275
27289
27300
27305
27307
27309
27312
27315
27316
27321
27323
27326
27329
27330
27333
27334
27340
27347
27349
27354
27356
27357
27360
27363
27364
27365
27366
27368
27370
27382
27386
27387
27388
27389
27393
27394
27397
27399
27401
27402
27407
27408
27409
27413
27414
27415
27416
27418
27420
27421
27422
27424
27428
27430
27431
27432
27434
27435
27437
27438
27439
27440
27441
27445
27447
27452
27453
27454
27460
27461
27464
27467
27471
27472
27473
27477
27482
27483
27486
27490
27493
27494
27497
27501
27502
27503
27505
27506
27508
27510
27512
27515
27519
27532
27533
27536
27538
27545
27549
27550
27552
27569
27572
27573
27581
27584
27588
27590
27592
27595
27596
27597
27599
27600
27604
27606
27609
27610
27617
27618
27619
27620
27621
27624
27626
27632
27633
27634
27635
27637
27639
27641
27645
27646
27652
27654
27659
27662
27663
27665
27668
27669
27674
27676
27678
27680
27683
27695
27696
27701
27705
27714
27716
27717
27718
27719
27721
27723
27731
27732
27733
27737
27742
27746
27747
27748
27752
27753
27754
27756
27759
27761
27763
27766
27768
27771
27777
27782
27788
27794
27796
27797
27798
27801
27802
27806
27807
27812
27816
27819
27827
27830
27831
27833
27836
27837
27841
27842
27846
27848
27849
27850
27852
27853
27854
27855
27856
27864
27865
27866
27867
27869
27870
27871
27876
27879
27880
27881
27883
27884
27887
27889
27890
27891
27894
27903
27904
27907
27910
27914
27917
27923
27928
27930
27931
27934
27935
27937
27939
27951
27952
27953
27959
27961
27962
27965
27967
27971
27973
27976
27983
27984
27986
27987
27994
28000
28003
28013
28014
28016
28017
28021
28026
28028
28031
28033
28034
28035
28036
28038
28046
28047
28049
28051
28057
28058
28059
28061
28063
28066
28068
28071
28081
28083
28086
28089
28093
28095
28096
28099
28100
28101
28103
28104
28105
28107
28111
28113
28116
28119
28129
28133
28135
28136
28139
28141
28143
28146
28149
28150
28151
28153
28156
28161
28164
28168
28176
28177
28178
28180
28181
28182
28183
28184
28187
28191
28193
28194
28197
28199
28202
28203
28204
28205
28210
28211
28214
28219
28223
28225
28231
28234
28236
28238
28242
28244
28245
28249
28257
28262
28263
28267
28268
28269
28271
28275
28277
28283
28286
28287
28288
28289
28291
28292
28293
28295
28296
28298
28300
28304
28306
28308
28309
28310
28312
28314
28327
28331
28333
28337
28346
28348
28351
28355
28357
28359
28363
28367
28368
28369
28370
28371
28374
28375
28376
28380
28384
28389
28391
28393
28395
28396
28397
28398
28399
28400
28410
28414
28415
28417
28418
28419
28423
28425
28430
28433
28435
28438
28440
28441
28443
28444
28445
28446
28457
28467
28471
28473
28480
28482
28483
28484
28486
28487
28488
28491
28495
28497
28498
28503
28505
28510
28511
28512
28522
28525
28527
28529
28531
28533
28538
28542
28547
28548
28550
28552
28555
28556
28559
28562
28564
28567
28570
28571
28572
28583
28587
28589
28591
28593
28594
28595
28601
28603
28606
28611
28613
28616
28617
28618
28620
28623
28624
28631
28639
28641
28643
28644
28649
28653
28655
28656
28660
28661
28665
28669
28672
28675
28685
28686
28687
28690
28692
28694
28696
28700
28701
28702
28704
28705
28706
28709
28712
28715
28718
28722
28725
28726
28727
28730
28731
28733
28735
28736
28739
28741
28743
28745
28747
28749
28753
28755
28759
28760
28761
28762
28765
28767
28770
28771
28774
28775
28777
28783
28792
28796
28798
28800
28802
28803
28804
28805
28806
28808
28809
28812
28818
28819
28821
28822
28823
28825
28827
28830
28832
28836
28839
28843
28848
28850
28855
28856
28857
28858
28860
28861
28864
28868
28873
28877
28882
28883
28885
28886
28891
28893
28896
28897
28899
28905
28907
28909
28914
28915
28917
28918
28920
28922
28923
28924
28928
28930
28931
28932
28933
28935
28936
28939
28942
28948
28950
28952
28954
28955
28956
28959
28961
28967
28968
28969
28970
28973
28974
28976
28977
28981
28982
28985
28986
28988
28991
28992
28993
28994
28995
28997
28998
29000
29009
29012
29013
29015
29016
29018
29020
29022
29023
29026
29029
29030
29031
29032
29034
29035
29040
29044
29046
29047
29050
29051
29054
29056
29058
29064
29076
29079
29083
29084
29087
29088
29092
29093
29094
29098
29102
29111
29113
29119
29120
29121
29122
29123
29128
29135
29140
29143
29144
29149
29154
29157
29158
29161
29164
29168
29172
29176
29177
29178
29180
29181
29182
29187
29191
29192
29198
29202
29203
29208
29209
29210
29212
29216
29217
29218
29219
29222
29224
29225
29229
29235
29238
29242
29244
29248
29251
29253
29257
29258
29259
29264
29267
29268
29272
29274
29276
29278
29279
29286
29292
29296
29300
29302
29303
29305
29307
29308
29315
29321
29322
29323
29325
29326
29327
29328
29331
29333
29334
29335
29336
29337
29340
29346
29351
29353
29354
29355
29360
29362
29364
29367
29371
29373
29378
29383
29386
29387
29391
29396
29397
29400
29401
29402
29404
29420
29423
29424
29429
29433
29434
29436
29438
29441
29443
29444
29446
29448
29451
29452
29453
29457
29465
29466
29471
29474
29483
29484
29486
29489
29491
29493
29497
29498
29500
29502
29504
29505
29507
29508
29509
29510
29511
29514
29515
29516
29518
29519
29521
29523
29525
29529
29535
29544
29548
29549
29550
29551
29553
29559
29561
29566
29567
29569
29571
29573
29575
29577
29584
29588
29590
29594
29595
29597
29599
29602
29604
29607
29610
29611
29612
29614
29615
29616
29620
29621
29626
29630
29631
29635
29638
29640
29645
29648
29650
29653
29655
29657
29659
29661
29663
29665
29668
29671
29676
29677
29678
29681
29683
29685
29686
29688
29695
29698
29702
29703
29704
29709
29710
29712
29713
29716
29724
29731
29732
29737
29739
29740
29741
29743
29744
29745
29746
29748
29749
29750
29758
29760
29766
29768
29771
29772
29776
29778
29781
29785
29787
29788
29790
29793
29795
29797
29801
29802
29804
29809
29814
29815
29820
29827
29828
29835
29837
29838
29840
29843
29845
29846
29847
29850
29854
29863
29872
29874
29883
29885
29886
29891
29895
29896
29899
29900
29901
29906
29907
29913
29914
29917
29918
29926
29933
29935
29937
29939
29940
29943
29944
29945
29947
29948
29949
29951
29952
29953
29956
29957
29960
29962
29964
29970
29971
29972
29973
29974
29975
29977
29983
29986
29988
29990
29995
29996
29997
29998
29999
30001
30002
30003
30005
30006
30007
30008
30011
30012
30015
30016
30018
30020
30021
30022
30023
30026
30027
30029
30032
30037
30043
30045
30048
30051
30056
30059
30061
30064
30072
30075
30077
30079
30081
30082
30086
30100
30104
30106
30107
30109
30116
30118
30123
30130
30131
30132
30133
30135
30137
30138
30147
30148
30150
30153
30159
30166
30168
30172
30174
30175
30182
30183
30188
30189
30191
30192
30193
30194
30197
30198
30201
30202
30203
30206
30207
30208
30210
30211
30217
30224
30228
30231
30232
30233
30237
30239
30242
30248
30249
30251
30253
30254
30255
30258
30259
30260
30261
30262
30265
30267
30269
30275
30276
30280
30281
30282
30287
30288
30292
30296
30301
30303
30306
30307
30312
30317
30318
30326
30331
30336
30341
30346
30358
30360
30362
30363
30365
30367
30374
30376
30377
30379
30380
30383
30384
30385
30389
30396
30397
30401
30402
30403
30404
30405
30409
30411
30413
30414
30415
30416
30420
30421
30424
30426
30429
30432
30434
30436
30438
30440
30441
30442
30443
30445
30447
30448
30449
30451
30452
30454
30455
30459
30460
30462
30463
30467
30469
30470
30473
30477
30478
30480
30481
30482
30490
30491
30492
30495
30497
30505
30506
30509
30510
30512
30515
30517
30522
30523
30526
30527
30530
30532
30534
30539
30544
30546
30547
30551
30556
30560
30562
30565
30572
30576
30583
30605
30607
30608
30609
30616
30623
30626
30628
30630
30632
30634
30635
30637
30639
30643
30648
30650
30654
30659
30662
30669
30676
30677
30681
30684
30695
30698
30702
30706
30707
30709
30711
30714
30721
30725
30726
30727
30728
30730
30731
30735
30738
30739
30741
30742
30743
30745
30749
30750
30752
30754
30761
30764
30766
30768
30769
30771
30774
30775
30776
30778
30785
30786
30790
30794
30796
30802
30803
30806
30807
30809
30811
30813
30814
30815
30816
30819
30821
30825
30830
30832
30834
30840
30849
30852
30855
30856
30857
30858
30859
30860
30861
30862
30863
30864
30866
30867
30870
30871
30873
30874
30876
30879
30881
30884
30885
30887
30890
30892
30894
30896
30898
30900
30902
30905
30906
30907
30911
30918
30919
30922
30923
30926
30927
30928
30930
30934
30936
30938
30942
30945
30949
30951
30953
30955
30957
30958
30959
30961
30963
30964
30967
30968
30969
30970
30974
30982
30985
30986
30987
30990
30992
30993
30995
31002
31003
31008
31011
31013
31014
31016
31018
31019
31025
31026
31031
31033
31035
31038
31040
31041
31043
31045
31049
31051
31053
31057
31060
31062
31064
31069
31070
31071
31074
31079
31082
31087
31089
31091
31097
31101
31102
31113
31116
31118
31122
31124
31132
31135
31139
31143
31147
31150
31151
31153
31161
31162
31164
31167
31168
31170
31171
31173
31176
31179
31181
31183
31186
31187
31198
31199
31202
31206
31208
31214
31221
31224
31225
31226
31232
31234
31236
31238
31240
31242
31244
31246
31249
31250
31252
31254
31255
31264
31266
31267
31270
31271
31272
31273
31275
31278
31280
31282
31287
31288
31293
31301
31314
31316
31323
31324
31330
31332
31333
31334
31336
31337
31338
31339
31341
31345
31348
31349
31351
31352
31353
31354
31355
31356
31357
31358
31360
31361
31368
31370
31374
31376
31380
31382
31384
31386
31398
31399
31402
31405
31407
31409
31410
31415
31417
31418
31419
31422
31423
31424
31426
31427
31429
31431
31434
31436
31438
31441
31443
31447
31451
31452
31455
31456
31457
31465
31467
31470
31477
31484
31485
31496
31502
31504
31505
31511
31519
31524
31526
31528
31529
31532
31534
31536
31538
31542
31547
31552
31554
31555
31560
31561
31567
31568
31569
31571
31572
31574
31575
31576
31578
31579
31580
31581
31583
31585
31587
31588
31589
31593
31595
31599
31602
31603
31604
31605
31606
31608
31609
31611
31612
31613
31614
31617
31620
31621
31622
31627
31633
31637
31644
31648
31649
31650
31651
31653
31654
31655
31666
31670
31671
31672
31674
31676
31677
31679
31687
31691
31694
31698
31699
31703
31704
31706
31709
31720
31723
31725
31732
31733
31735
31737
31740
31741
31743
31745
31757
31765
31769
31771
31773
31776
31781
31784
31791
31793
31797
31799
31800
31803
31804
31808
31820
31822
31824
31826
31827
31840
31841
31846
31848
31852
31855
31859
31860
31861
31862
31866
31868
31872
31879
31883
31885
31887
31889
31892
31896
31897
31899
31901
31904
31905
31907
31909
31910
31911
31913
31914
31915
31916
31917
31918
31919
31922
31925
31926
31927
31931
31934
31935
31941
31943
31945
31946
31948
31951
31960
31968
31975
31977
31979
31984
31988
31989
31990
31992
31994
31997
32003
32006
32009
32012
32015
32017
32019
32020
32033
32037
32040
32043
32048
32054
32055
32056
32059
32060
32063
32068
32070
32078
32080
32081
32083
32085
32086
32089
32091
32092
32094
32095
32096
32098
32100
32103
32105
32106
32108
32110
32112
32113
32114
32115
32120
32121
32122
32123
32130
32132
32134
32135
32136
32140
32145
32147
32148
32149
32151
32152
32154
32161
32164
32166
32168
32170
32171
32173
32175
32183
32187
32194
32199
32202
32203
32206
32214
32215
32216
32218
32219
32221
32224
32227
32228
32229
32232
32234
32238
32240
32244
32248
32250
32252
32258
32264
32267
32268
32270
32272
32279
32291
32293
32298
32301
32313
32317
32320
32321
32323
32326
32331
32332
32333
32336
32339
32340
32346
32347
32348
32349
32351
32353
32355
32357
32362
32363
32366
32369
32370
32374
32376
32377
32381
32382
32384
32391
32395
32398
32402
32405
32406
32415
32417
32418
32419
32420
32421
32422
32423
32428
32429
32433
32435
32436
32438
32441
32448
32449
32451
32455
32459
32464
32466
32468
32471
32474
32475
32479
32480
32483
32489
32490
32491
32492
32495
32496
32497
32498
32499
32500
32502
32504
32508
32510
32511
32517
32522
32528
32532
32538
32544
32547
32549
32555
32558
32566
32570
32571
32576
32578
32581
32583
32584
32586
32597
32598
32599
32600
32601
32603
32606
32608
32610
32615
32619
32620
32626
32627
32642
32644
32646
32651
32653
32654
32657
32659
32660
32664
32667
32670
32671
32672
32674
32675
32676
32678
32682
32683
32685
32687
32690
32692
32693
32695
32698
32702
32703
32704
32705
32707
32708
32714
32716
32721
32722
32723
32724
32727
32729
32735
32739
32744
32751
32755
32759
32760
32762
32763
32765
32769
32770
32771
32772
32775
32784
32785
32788
32791
32799
32804
32806
32812
32815
32818
32826
32827
32829
32830
32832
32834
32837
32850
32851
32852
32854
32864
32865
32867
32869
32871
32872
32873
32874
32877
32878
32880
32883
32886
32887
32888
32889
32891
32892
32895
32899
32900
32901
32903
32905
32906
32907
32913
32915
32918
32920
32923
32932
32934
32936
32937
32938
32940
32943
32944
32946
32949
32950
32951
32955
32957
32958
32959
32961
32962
32963
32965
32967
32973
32974
32975
32976
32978
32983
32984
32988
32989
32995
32997
32998
32999
33000
33001
33004
33006
33013
33022
33023
33024
33026
33030
33043
33045
33048
33049
33050
33051
33056
33057
33058
33060
33062
33064
33065
33068
33076
33080
33086
33087
33092
33095
33097
33099
33100
33102
33103
33107
33110
33111
33118
33125
33127
33131
33134
33135
33137
33141
33143
33144
33146
33148
33150
33152
33153
33156
33157
33159
33160
33162
33163
33167
33170
33171
33172
33174
33176
33179
33189
33192
33193
33197
33200
33202
33204
33205
33206
33208
33213
33215
33223
33225
33227
33230
33233
33235
33242
33245
33250
33253
33254
33255
33258
33259
33260
33261
33262
33264
33265
33266
33268
33269
33270
33271
33272
33274
33276
33278
33280
33281
33291
33294
33300
33303
33307
33308
33310
33311
33312
33313
33317
33319
33320
33323
33326
33327
33328
33337
33338
33344
33348
33349
33351
33352
33353
33355
33367
33368
33373
33374
33380
33383
33386
33387
33388
33392
33396
33398
33403
33407
33408
33409
33414
33418
33419
33426
33428
33429
33430
33433
33436
33440
33443
33445
33450
33457
33461
33463
33465
33470
33471
33472
33474
33477
33481
33489
33491
33495
33496
33498
33499
33500
33502
33503
33504
33506
33509
33510
33515
33516
33517
33518
33520
33529
33530
33531
33534
33536
33538
33541
33546
33555
33560
33561
33564
33565
33571
33572
33575
33577
33580
33582
33583
33586
33587
33590
33591
33592
33594
33596
33603
33607
33608
33615
33623
33624
33629
33634
33637
33647
33654
33655
33657
33659
33660
33661
33662
33663
33664
33666
33667
33672
33676
33678
33679
33680
33681
33687
33688
33689
33690
33692
33693
33701
33703
33705
33708
33714
33717
33719
33720
33723
33724
33725
33727
33734
33736
33738
33745
33748
33751
33753
33757
33758
33760
33765
33767
33769
33771
33772
33781
33783
33789
33792
33794
33797
33804
33807
33810
33811
33814
33815
33816
33820
33824
33828
33834
33835
33836
33838
33843
33845
33846
33848
33849
33851
33853
33857
33862
33865
33866
33868
33869
33871
33880
33883
33887
33889
33891
33893
33894
33896
33899
33902
33903
33904
33905
33907
33909
33914
33915
33916
33917
33918
33919
33923
33929
33931
33933
33938
33945
33946
33947
33948
33955
33956
33962
33964
33966
33967
33969
33973
33976
33979
33989
33991
33993
33994
33998
34002
34003
34004
34005
34014
34018
34019
34020
34021
34023
34025
34027
34028
34029
34034
34038
34040
34044
34048
34051
34052
34053
34056
34058
34059
34060
34061
34062
34064
34066
34068
34069
34072
34074
34076
34079
34084
34090
34091
34092
34094
34096
34100
34102
34104
34105
34107
34112
34117
34119
34120
34121
34124
34126
34127
34129
34134
34136
34138
34140
34142
34147
34148
34149
34150
34152
34154
34155
34156
34157
34158
34166
34168
34172
34173
34176
34178
34181
34182
34188
34189
34190
34191
34192
34204
34210
34211
34212
34214
34215
34219
34220
34221
34222
34223
34231
34232
34233
34234
34236
34243
34246
34247
34248
34249
34250
34252
34253
34254
34255
34256
34262
34266
34269
34270
34272
34274
34276
34277
34290
34293
34294
34300
34302
34308
34309
34314
34319
34321
34322
34324
34327
34332
34334
34337
34339
34345
34347
34348
34355
34357
34358
34365
34367
34368
34369
34377
34380
34385
34392
34394
34397
34400
34404
34415
34417
34419
34421
34423
34425
34428
34435
34440
34441
34442
34444
34449
34451
34453
34456
34459
34465
34467
34471
34472
34478
34480
34482
34484
34487
34489
34495
34503
34507
34511
34512
34513
34514
34515
34518
34520
34523
34524
34525
34526
34527
34530
34532
34536
34538
34542
34546
34549
34550
34551
34553
34557
34558
34570
34573
34574
34575
34577
34579
34583
34585
34588
34595
34597
34598
34600
34602
34603
34605
34610
34613
34614
34616
34618
34622
34623
34627
34629
34635
34636
34638
34639
34641
34642
34643
34646
34651
34657
34660
34661
34662
34668
34672
34675
34679
34680
34683
34685
34693
34696
34697
34698
34700
34702
34703
34704
34706
34710
34711
34713
34716
34717
34718
34719
34721
34723
34726
34727
34730
34733
34736
34737
34745
34752
34753
34755
34758
34762
34764
34766
34769
34770
34772
34773
34774
34775
34783
34785
34787
34791
34793
34795
34797
34799
34803
34804
34809
34818
34820
34824
34825
34826
34830
34832
34833
34835
34840
34844
34845
34846
34855
34858
34862
34864
34866
34868
34869
34872
34875
34877
34884
34886
34888
34889
34890
34891
34893
34898
34899
34902
34904
34908
34911
34913
34915
34918
34919
34923
34924
34927
34930
34931
34933
34937
34938
34941
34944
34947
34948
34951
34952
34953
34954
34955
34960
34963
34968
34971
34972
34975
34982
34986
34987
34989
34990
34991
34993
34994
34997
34999
35006
35008
35011
35012
35014
35017
35019
35020
35021
35022
35033
35036
35037
35041
35043
35045
35049
35053
35055
35056
35059
35069
35081
35084
35088
35089
35091
35097
35098
35100
35105
35106
35107
35108
35113
35115
35120
35124
35125
35127
35134
35136
35142
35145
35146
35149
35153
35154
35156
35158
35165
35169
35174
35178
35179
35181
35183
35189
35193
35198
35199
35203
35204
35207
35209
35212
35213
35217
35219
35224
35228
35233
35235
35238
35242
35243
35245
35251
35252
35255
35256
35258
35261
35262
35263
35268
35274
35275
35281
35282
35284
35289
35290
35294
35297
35299
35301
35304
35312
35314
35317
35319
35324
35326
35328
35329
35331
35332
35333
35334
35336
35337
35338
35341
35343
35349
35351
35354
35356
35357
35358
35361
35364
35366
35368
35371
35373
35378
35380
35384
35386
35387
35388
35389
35391
35392
35394
35396
35398
35404
35409
35410
35412
35416
35417
35419
35421
35427
35429
35432
35433
35434
35435
35437
35439
35440
35441
35442
35443
35444
35446
35448
35449
35450
35454
35455
35464
35465
35466
35467
35468
35473
35479
35483
35486
35487
35489
35491
35492
35496
35499
35504
35505
35510
35513
35518
35522
35523
35526
35527
35532
35534
35536
35539
35540
35542
35543
35545
35548
35549
35555
35557
35559
35565
35566
35569
35577
35583
35586
35591
35593
35597
35598
35599
35600
35601
35608
35613
35617
35619
35620
35621
35622
35623
35624
35634
35635
35639
35641
35650
35655
35660
35668
35670
35672
35673
35675
35680
35682
35683
35685
35686
35687
35690
35692
35695
35700
35702
35704
35707
35708
35713
35717
35721
35723
35728
35731
35735
35738
35741
35745
35747
35749
35751
35753
35754
35758
35761
35765
35766
35767
35768
35772
35780
35782
35783
35784
35785
35787
35793
35798
35802
35803
35805
35806
35807
35808
35810
35811
35813
35816
35819
35820
35822
35823
35824
35827
35828
35829
35835
35841
35843
35845
35848
35850
35853
35857
35862
35863
35865
35866
35867
35869
35871
35873
35875
35877
35878
35882
35883
35884
35885
35888
35890
35894
35896
35899
35900
35903
35907
35908
35910
35912
35915
35916
35923
35924
35927
35929
35930
35931
35935
35940
35943
35944
35951
35952
35953
35954
35955
35956
35958
35962
35963
35966
35970
35974
35976
35977
35979
35986
35987
35988
35990
35993
35996
35997
35998
36000
36009
36011
36015
36020
36022
36023
36025
36029
36030
36032
36034
36035
36037
36038
36042
36046
36047
36048
36050
36052
36053
36057
36059
36060
36061
36067
36068
36069
36073
36077
36078
36080
36085
36091
36092
36096
36099
36101
36103
36104
36105
36107
36108
36109
36111
36112
36113
36114
36117
36119
36120
36123
36126
36128
36131
36133
36137
36139
36141
36145
36146
36147
36148
36150
36152
36156
36157
36158
36159
36160
36162
36164
36165
36168
36170
36173
36174
36180
36181
36182
36184
36193
36194
36195
36202
36203
36204
36205
36208
36210
36211
36215
36218
36220
36223
36225
36226
36231
36234
36237
36243
36244
36250
36251
36256
36261
36263
36264
36265
36267
36269
36272
36273
36274
36277
36278
36282
36284
36290
36292
36296
36305
36306
36310
36313
36316
36317
36318
36320
36324
36325
36327
36328
36329
36333
36339
36341
36343
36344
36346
36347
36348
36352
36354
36355
36357
36362
36363
36368
36370
36371
36377
36380
36381
36386
36388
36394
36400
36401
36411
36417
36419
36423
36426
36430
36431
36432
36433
36435
36441
36443
36448
36449
36450
36453
36455
36459
36462
36464
36466
36468
36473
36474
36475
36476
36477
36478
36481
36483
36488
36489
36490
36491
36495
36496
36497
36499
36500
36501
36503
36507
36509
36511
36513
36514
36515
36518
36525
36527
36528
36530
36531
36536
36544
36546
36548
36550
36551
36552
36554
36556
36560
36563
36564
36565
36566
36567
36569
36570
36579
36583
36585
36586
36590
36591
36593
36594
36597
36599
36604
36608
36609
36613
36615
36617
36623
36625
36632
36633
36647
36649
36656
36661
36662
36663
36664
36665
36671
36674
36675
36677
36679
36681
36682
36684
36686
36687
36688
36693
36694
36698
36702
36707
36709
36711
36712
36713
36714
36715
36716
36717
36723
36726
36729
36731
36733
36735
36736
36739
36741
36746
36747
36748
36751
36759
36761
36768
36770
36776
36778
36779
36782
36783
36791
36794
36795
36797
36798
36805
36807
36809
36812
36814
36817
36826
36830
36831
36844
36845
36846
36847
36855
36856
36860
36862
36865
36867
36869
36873
36875
36881
36883
36884
36885
36889
36896
36898
36900
36902
36904
36905
36906
36907
36908
36913
36917
36919
36923
36925
36932
36936
36937
36938
36940
36941
36945
36949
36952
36955
36956
36962
36965
36967
36971
36973
36974
36975
36977
36978
36979
36982
36988
36990
36992
36995
36998
37000
37003
37006
37010
37017
37019
37031
37034
37036
37038
37040
37041
37042
37045
37050
37053
37055
37057
37062
37063
37067
37068
37069
37070
37072
37073
37074
37078
37079
37080
37082
37084
37089
37092
37093
37094
37097
37099
37100
37102
37104
37107
37111
37113
37115
37116
37120
37124
37125
37131
37135
37136
37140
37142
37143
37144
37146
37148
37150
37152
37155
37156
37157
37158
37159
37163
37166
37168
37171
37173
37174
37175
37179
37185
37188
37191
37192
37195
37197
37198
37199
37200
37202
37204
37205
37206
37208
37212
37214
37220
37222
37223
37224
37226
37228
37232
37236
37237
37238
37242
37246
37249
37250
37254
37256
37262
37263
37265
37267
37271
37272
37273
37276
37291
37293
37297
37299
37304
37306
37308
37310
37311
37313
37315
37319
37321
37323
37325
37326
37327
37330
37332
37334
37338
37341
37342
37346
37348
37349
37353
37356
37358
37360
37364
37368
37370
37372
37375
37383
37385
37391
37392
37394
37397
37399
37401
37406
37408
37415
37418
37425
37429
37433
37436
37437
37439
37440
37442
37444
37445
37449
37452
37453
37455
37456
37457
37460
37462
37469
37472
37477
37478
37480
37482
37487
37489
37491
37493
37494
37496
37498
37503
37505
37511
37515
37517
37522
37526
37529
37530
37535
37537
37542
37544
37546
37548
37552
37554
37558
37560
37566
37567
37568
37569
37571
37573
37574
37575
37576
37579
37580
37586
37587
37591
37592
37597
37599
37600
37601
37603
37606
37608
37610
37615
37616
37617
37621
37622
37625
37626
37627
37631
37633
37637
37639
37641
37642
37643
37644
37645
37647
37649
37651
37653
37658
37664
37665
37668
37669
37672
37675
37678
37680
37682
37684
37691
37698
37700
37701
37702
37704
37706
37709
37713
37717
37719
37725
37730
37732
37736
37737
37743
37752
37753
37756
37757
37759
37760
37762
37763
37765
37767
37771
37774
37775
37777
37779
37781
37786
37788
37789
37791
37796
37797
37799
37805
37807
37809
37813
37817
37818
37821
37827
37831
37833
37834
37835
37838
37844
37855
37859
37860
37864
37865
37869
37872
37873
37875
37880
37892
37895
37898
37900
37904
37911
37917
37919
37921
37924
37926
37928
37934
37936
37940
37941
37943
37944
37948
37950
37955
37956
37959
37961
37966
37967
37970
37971
37973
37975
37978
37985
37989
37993
37998
38002
38004
38007
38009
38016
38017
38023
38026
38030
38032
38037
38040
38041
38043
38048
38049
38051
38054
38056
38062
38064
38068
38072
38073
38074
38076
38079
38083
38086
38089
38092
38093
38095
38100
38102
38103
38105
38107
38115
38117
38119
38120
38121
38122
38123
38125
38127
38129
38130
38133
38135
38136
38139
38140
38141
38144
38146
38148
38149
38152
38158
38159
38160
38161
38164
38166
38168
38172
38174
38176
38178
38182
38185
38190
38191
38192
38196
38197
38199
38200
38202
38204
38205
38209
38210
38211
38216
38225
38227
38231
38232
38235
38236
38239
38243
38245
38246
38247
38251
38254
38258
38264
38267
38269
38273
38274
38278
38282
38283
38285
38286
38290
38291
38292
38293
38297
38303
38306
38311
38315
38318
38326
38328
38329
38332
38333
38334
38335
38336
38340
38341
38345
38346
38347
38348
38349
38353
38363
38368
38369
38373
38376
38379
38381
38388
38390
38394
38396
38401
38404
38413
38416
38417
38418
38420
38422
38430
38436
38441
38443
38445
38446
38448
38451
38453
38458
38459
38461
38462
38465
38466
38471
38472
38476
38479
38483
38487
38489
38490
38491
38492
38494
38495
38496
38497
38499
38500
38501
38503
38504
38509
38510
38511
38512
38513
38514
38516
38518
38519
38523
38524
38534
38537
38539
38540
38544
38546
38548
38553
38555
38556
38559
38562
38565
38566
38571
38574
38576
38578
38583
38584
38585
38586
38588
38590
38591
38593
38594
38595
38598
38599
38601
38609
38611
38620
38621
38622
38626
38629
38634
38646
38647
38648
38651
38652
38656
38661
38662
38665
38667
38668
38669
38670
38671
38680
38681
38682
38684
38687
38688
38689
38690
38691
38692
38697
38708
38714
38716
38718
38720
38728
38731
38739
38742
38743
38746
38748
38752
38756
38757
38758
38759
38764
38766
38771
38776
38780
38784
38786
38790
38791
38792
38796
38799
38800
38801
38803
38807
38809
38811
38813
38814
38815
38820
38824
38832
38836
38837
38838
38840
38841
38842
38843
38844
38845
38846
38847
38849
38850
38851
38852
38853
38854
38858
38860
38862
38872
38874
38875
38878
38881
38883
38884
38885
38886
38890
38892
38894
38896
38898
38899
38902
38906
38909
38911
38913
38914
38916
38917
38918
38924
38925
38932
38936
38944
38953
38959
38960
38963
38966
38967
38972
38975
38995
39002
39005
39008
39010
39012
39023
39030
39032
39035
39036
39046
39047
39049
39054
39059
39060
39061
39064
39070
39072
39076
39080
39082
39085
39086
39088
39090
39092
39096
39097
39098
39099
39101
39108
39111
39113
39115
39117
39128
39132
39133
39137
39142
39146
39150
39151
39154
39155
39158
39160
39161
39167
39170
39175
39179
39181
39182
39183
39186
39194
39197
39199
