9	13
22	6
28	1
29	3
32	5
37	2
39	5
44	4
48	1
49	4
53	7
60	4
64	12
76	3
79	8
87	4
91	2
93	2
94	1
95	2
97	2
99	2
101	6
107	3
110	19
129	6
135	2
137	2
139	2
141	1
142	3
145	2
147	4
151	3
154	4
158	10
168	4
172	13
185	10
195	2
197	2
199	3
202	5
207	2
209	2
211	2
213	16
229	12
241	2
243	9
252	4
256	2
258	2
260	2
262	4
266	7
273	4
277	2
279	14
293	9
302	10
312	3
315	7
322	1
323	2
325	3
328	6
334	10
344	3
347	4
351	8
359	2
361	2
363	4
367	7
374	4
378	5
383	2
385	3
388	2
390	8
398	10
408	2
410	3
413	8
421	1
422	4
426	5
431	4
435	2
437	2
438	2
439	1
440	4
444	4
448	7
455	2
457	2
459	6
465	8
473	6
479	1
480	7
487	7
494	1
495	2
497	2
499	13
512	8
520	30
550	18
568	14
582	10
592	10
602	6
608	2
610	3
613	2
615	17
632	10
642	6
648	7
655	7
662	3
665	4
669	5
674	2
676	5
681	2
682	1
683	4
687	4
691	3
694	3
697	2
699	3
702	4
706	4
710	8
718	7
725	2
726	1
727	2
729	3
732	6
738	2
740	4
744	2
746	2
748	9
757	3
760	3
763	4
767	3
770	5
775	4
779	5
784	7
791	7
798	2
800	3
803	2
805	4
809	2
811	3
814	2
816	2
818	7
825	10
835	5
840	2
842	2
844	2
846	4
850	2
852	2
854	2
856	2
858	18
876	12
888	1
889	2
891	6
897	20
917	12
929	4
933	3
936	2
938	2
940	3
943	24
967	1
968	2
970	1
971	19
990	11
1001	2
1002	1
1003	3
1006	4
1010	12
1022	15
1037	3
1040	3
1043	3
1046	2
1048	2
1050	13
1063	2
1065	6
1071	24
1095	3
1098	20
1118	5
1123	33
1156	1
1157	4
1161	7
1168	9
1177	6
1183	13
1196	10
1206	2
1208	10
1218	2
1220	3
1223	1
1224	3
1227	7
1234	4
1238	5
1243	5
1248	3
1251	3
1254	2
1256	2
1258	1
1259	9
1268	2
1270	2
1271	2
1272	2
1273	1
1274	2
1276	2
1278	1
1279	3
1282	3
1285	2
1286	2
1287	1
1288	4
1292	7
1299	2
1301	2
1303	16
1319	1
1320	3
1323	2
1325	2
1327	12
1339	2
1341	3
1344	7
1351	2
1353	1
1354	4
1358	9
1367	2
1369	9
1378	3
1381	7
1388	8
1396	7
1403	2
1405	1
1406	10
1416	14
1430	4
1434	3
1437	10
1447	4
1451	3
1454	2
1455	1
1456	7
1463	8
1471	2
1472	1
1473	2
1475	1
1476	19
1495	5
1500	4
1504	3
1507	7
1514	4
1518	4
1522	1
1523	2
1525	3
1528	3
1531	3
1534	15
1549	12
1561	4
1565	2
1567	5
1572	5
1577	7
1584	1
1585	2
1587	2
1589	14
1603	4
1607	2
1609	4
1613	6
1619	1
1620	3
1623	2
1625	2
1627	23
1650	6
1656	2
1658	18
1676	3
1679	3
1682	4
1686	5
1691	4
1695	2
1696	2
1697	1
1698	7
1705	4
1709	8
1717	2
1719	3
1722	17
1739	14
1753	2
1755	1
1756	19
1775	3
1778	4
1782	4
1786	2
1788	6
1794	4
1798	4
1802	2
1804	2
1806	4
1810	16
1826	2
1828	25
1853	4
1857	6
1863	1
1864	4
1868	2
1870	1
1871	4
1875	2
1877	2
1879	2
1881	2
1883	4
1887	11
1898	2
1900	2
1902	5
1907	15
1922	2
1924	8
1932	14
1946	9
1955	4
1959	9
1968	2
1970	11
1981	2
1983	8
1991	6
1997	20
2017	27
2044	5
2049	7
2056	10
2066	2
2068	2
2070	2
2072	5
2077	2
2078	1
2079	2
2081	6
2087	5
2092	7
2099	3
2102	1
2103	2
2105	5
2110	2
2112	2
2114	9
2123	2
2125	9
2134	3
2137	2
2139	2
2141	2
2143	2
2144	1
2145	4
2149	2
2151	4
2155	2
2157	4
2161	6
2167	4
2171	2
2173	9
2182	5
2187	5
2192	2
2194	8
2202	1
2203	2
2205	3
2208	2
2210	4
2214	25
2239	1
2240	18
2258	2
2259	1
2260	3
2263	5
2268	2
2270	2
2272	4
2276	1
2277	4
2281	18
2299	2
2301	12
2313	2
2315	5
2320	5
2325	4
2329	7
2336	3
2339	21
2360	2
2362	2
2364	8
2372	1
2373	2
2375	1
2376	3
2379	5
2384	2
2386	2
2388	3
2391	2
2393	5
2398	6
2404	10
2414	15
2429	2
2431	3
2434	3
2437	4
2441	5
2446	4
2450	5
2455	2
2457	1
2458	2
2460	1
2461	6
2467	4
2471	2
2473	6
2479	3
2482	1
2483	14
2497	22
2519	2
2521	10
2531	2
2533	15
2548	9
2557	8
2565	2
2567	12
2579	5
2584	6
2590	13
2603	2
2605	4
2609	8
2617	9
2626	2
2627	1
2628	2
2630	14
2644	1
2645	2
2647	2
2648	2
2649	1
2650	11
2661	4
2665	3
2668	5
2673	8
2681	2
2683	2
2685	5
2690	4
2694	3
2697	4
2701	2
2703	4
2707	6
2713	4
2717	4
2721	5
2726	4
2730	4
2734	2
2736	4
2740	3
2743	2
2745	2
2747	5
2752	2
2753	1
2754	5
2759	3
2762	8
2770	3
2773	2
2775	2
2777	2
2779	2
2781	15
2796	2
2797	2
2798	2
2799	1
2800	13
2813	26
2839	12
2851	8
2859	30
2889	8
2897	7
2904	10
2914	8
2922	4
2926	3
2929	16
2945	3
2948	1
2949	4
2953	3
2956	6
2962	2
2964	3
2967	4
2971	2
2973	3
2976	5
2981	2
2983	4
2987	2
2989	2
2991	3
2994	2
2996	5
3001	2
3003	2
3005	2
3006	1
3007	3
3010	1
3011	4
3015	2
3017	2
3019	2
3021	2
3023	5
3028	4
3032	3
3035	4
3039	3
3042	10
3052	2
3053	1
3054	4
3058	9
3067	8
3075	6
3081	1
3082	3
3085	14
3099	8
3107	8
3115	4
3119	12
3131	4
3135	4
3139	24
3163	2
3165	2
3167	3
3170	2
3172	5
3177	7
3184	4
3188	2
3190	19
3209	1
3210	2
3212	13
3225	3
3228	1
3229	4
3233	1
3234	3
3237	4
3241	9
3250	3
3253	1
3254	9
3263	23
3286	3
3289	2
3290	2
3291	1
3292	7
3299	8
3307	15
3322	4
3326	9
3335	3
3338	1
3339	2
3341	3
3344	12
3356	2
3358	1
3359	2
3361	10
3371	8
3379	5
3384	15
3399	6
3405	2
3407	4
3411	2
3413	4
3417	1
3418	4
3422	13
3435	4
3439	13
3452	1
3453	4
3457	1
3458	6
3464	4
3468	2
3470	14
3484	3
3487	2
3489	2
3490	1
3491	2
3493	12
3505	3
3508	5
3513	4
3517	12
3529	5
3534	1
3535	2
3537	2
3539	3
3542	7
3549	2
3551	11
3562	2
3563	1
3564	8
3572	1
3573	8
3581	2
3582	2
3583	2
3584	1
3585	2
3587	1
3588	27
3615	10
3625	2
3627	9
3636	3
3639	2
3641	1
3642	3
3645	2
3647	8
3655	2
3657	2
3659	3
3662	2
3664	1
3665	14
3679	5
3684	2
3686	9
3695	2
3697	3
3700	37
3737	4
3741	2
3743	2
3745	2
3746	1
3747	5
3752	1
3753	7
3760	3
3763	3
3766	2
3768	2
3770	2
3772	2
3774	16
3790	4
3794	3
3797	3
3800	10
3810	3
3813	9
3822	7
3829	8
3837	8
3845	5
3850	3
3853	4
3857	7
3864	4
3868	28
3896	9
3905	11
3916	3
3919	2
3921	20
3941	4
3945	21
3966	14
3980	5
3985	3
3988	2
3990	6
3996	3
3999	12
4011	6
4017	9
4026	3
4029	3
4032	7
4039	2
4041	6
4047	12
4059	2
4061	3
4064	2
4065	1
4066	24
4090	3
4093	3
4096	2
4098	2
4100	1
4101	2
4103	1
4104	5
4109	1
4110	2
4112	2
4113	1
4114	3
4117	3
4120	10
4130	3
4133	1
4134	2
4136	3
4139	2
4141	2
4143	2
4144	1
4145	23
4168	7
4175	2
4177	33
4210	3
4213	2
4215	1
4216	6
4222	6
4228	32
4260	4
4264	3
4267	4
4271	16
4287	2
4289	3
4292	2
4294	2
4296	1
4297	3
4300	1
4301	2
4303	2
4305	2
4307	6
4313	2
4315	8
4323	5
4328	3
4331	2
4332	2
4333	2
4334	1
4335	2
4337	1
4338	12
4350	10
4360	5
4365	5
4370	3
4373	2
4374	1
4375	9
4384	1
4385	2
4387	2
4389	4
4393	3
4396	4
4400	11
4411	13
4424	3
4427	20
4447	4
4451	7
4458	6
4464	1
4465	18
4483	2
4485	7
4492	4
4496	6
4502	17
4519	19
4538	10
4548	3
4551	3
4554	6
4560	2
4562	8
4570	1
4571	2
4573	2
4575	2
4577	2
4579	1
4580	9
4589	5
4594	6
4600	14
4614	3
4617	4
4621	11
4632	2
4634	5
4639	1
4640	9
4649	8
4657	9
4666	2
4668	2
4669	1
4670	3
4673	2
4675	1
4676	5
4681	2
4683	2
4684	1
4685	6
4691	5
4696	2
4698	5
4703	1
4704	2
4706	18
4724	24
4748	3
4751	21
4772	4
4776	9
4785	2
4787	2
4789	3
4792	2
4794	1
4795	4
4799	4
4803	10
4813	21
4834	6
4840	10
4850	9
4859	14
4873	1
4874	5
4879	5
4884	2
4886	2
4888	3
4891	2
4893	2
4895	1
4896	2
4898	2
4899	1
4900	2
4902	2
4904	2
4906	2
4907	1
4908	11
4919	1
4920	2
4922	1
4923	3
4926	10
4936	13
4949	4
4953	3
4956	1
4957	2
4959	9
4968	2
4970	2
4972	11
4983	3
4986	18
5004	3
5007	2
5009	12
5021	10
5031	10
5041	10
5051	2
5053	2
5055	10
5065	13
5078	2
5079	1
5080	2
5082	2
5084	9
5093	8
5101	11
5112	6
5118	3
5121	3
5124	2
5126	2
5128	5
5133	4
5137	5
5142	2
5144	9
5153	6
5159	8
5167	4
5171	3
5174	4
5178	2
5179	1
5180	9
5189	8
5197	7
5204	11
5215	13
5228	9
5237	8
5245	2
5246	2
5247	2
5248	1
5249	3
5252	1
5253	22
5275	2
5277	2
5279	3
5282	2
5284	4
5288	3
5291	2
5293	2
5295	5
5300	2
5302	3
5305	19
5324	2
5326	13
5339	4
5343	4
5347	2
5349	2
5351	1
5352	3
5355	15
5370	9
5379	3
5382	18
5400	3
5403	1
5404	5
5409	3
5412	9
5421	12
5433	14
5447	4
5451	7
5458	8
5466	3
5469	4
5473	3
5476	1
5477	5
5482	22
5504	1
5505	3
5508	2
5510	2
5512	11
5523	2
5525	1
5526	2
5528	3
5531	1
5532	3
5535	1
5536	2
5538	2
5540	6
5546	4
5550	3
5553	2
5555	4
5559	7
5566	2
5568	8
5576	1
5577	2
5579	3
5582	12
5594	2
5596	2
5598	4
5602	7
5609	17
5626	2
5627	2
5628	2
5629	2
5630	1
5631	4
5635	3
5638	12
5650	9
5659	4
5663	10
5673	7
5680	15
5695	2
5697	5
5702	4
5706	5
5711	12
5723	4
5727	3
5730	8
5738	15
5753	4
5757	3
5760	3
5763	1
5764	11
5775	3
5778	2
5780	5
5785	1
5786	6
5792	2
5793	1
5794	2
5796	9
5805	3
5808	3
5811	1
5812	3
5815	7
5822	4
5826	3
5829	2
5830	1
5831	4
5835	4
5839	7
5846	3
5849	2
5851	4
5855	1
5856	3
5859	4
5863	2
5865	2
5867	3
5870	2
5872	9
5881	2
5883	2
5885	3
5888	2
5890	5
5895	12
5907	6
5913	5
5918	1
5919	3
5922	33
5955	7
5962	4
5966	9
5975	2
5977	5
5982	11
5993	10
6003	7
6010	4
6014	4
6018	3
6021	2
6023	2
6025	7
6032	3
6035	2
6037	2
6039	1
6040	9
6049	6
6055	10
6065	3
6068	2
6070	7
6077	2
6079	5
6084	2
6085	1
6086	5
6091	6
6097	15
6112	7
6119	3
6122	9
6131	4
6135	8
6143	5
6148	2
6150	30
6180	7
6187	6
6193	17
6210	3
6213	9
6222	12
6234	4
6238	2
6239	2
6240	1
6241	3
6244	2
6246	13
6259	3
6262	2
6264	3
6267	2
6269	4
6273	4
6277	6
6283	3
6286	12
6298	4
6302	2
6304	4
6308	3
6311	10
6321	3
6324	11
6335	3
6338	4
6342	4
6346	10
6356	2
6357	1
6358	6
6364	6
6370	2
6371	1
6372	14
6386	3
6389	3
6392	3
6395	4
6399	3
6402	9
6411	4
6415	4
6419	4
6423	10
6433	3
6436	4
6440	1
6441	12
6453	2
6455	2
6457	5
6462	6
6468	2
6470	2
6471	2
6472	1
6473	8
6481	4
6485	4
6489	4
6493	8
6501	1
6502	12
6514	32
6546	2
6548	5
6553	10
6563	8
6571	2
6573	5
6578	11
6589	9
6598	2
6600	5
6605	12
6617	16
6633	2
6635	3
6638	6
6644	3
6647	10
6657	3
6660	2
6662	10
6672	10
6682	13
6695	3
6698	11
6709	4
6713	11
6724	8
6732	2
6734	2
6736	2
6738	4
6742	11
6753	10
6763	2
6764	2
6765	1
6766	16
6782	7
6789	1
6790	2
6792	3
6795	3
6798	6
6804	4
6808	4
6812	5
6817	2
6819	3
6822	2
6824	1
6825	2
6827	2
6829	4
6833	10
6843	3
6846	14
6860	4
6864	2
6866	2
6868	10
6878	2
6880	4
6884	2
6886	1
6887	6
6893	2
6895	19
6914	1
6915	3
6918	6
6924	17
6941	9
6950	5
6955	2
6957	2
6959	20
6979	2
6981	6
6987	6
6993	6
6999	14
7013	2
7015	7
7022	7
7029	1
7030	3
7033	5
7038	12
7050	8
7058	4
7062	6
7068	2
7069	1
7070	3
7073	10
7083	1
7084	4
7088	18
7106	4
7110	2
7112	1
7113	12
7125	1
7126	2
7128	5
7133	2
7135	2
7137	2
7139	19
7158	2
7160	4
7164	4
7168	5
7173	2
7175	3
7178	2
7180	3
7183	2
7185	3
7188	2
7190	2
7192	8
7200	11
7211	10
7221	5
7226	4
7230	2
7232	2
7233	2
7234	2
7235	1
7236	3
7239	24
7263	7
7270	9
7279	4
7283	4
7287	2
7289	2
7291	2
7292	1
7293	4
7297	5
7302	8
7310	3
7313	5
7318	5
7323	15
7338	11
7349	4
7353	4
7357	4
7361	3
7364	4
7368	13
7381	5
7386	1
7387	6
7393	2
7394	1
7395	15
7410	15
7425	2
7427	12
7439	2
7441	3
7444	4
7448	19
7467	5
7472	4
7476	3
7479	4
7483	12
7495	4
7499	7
7506	13
7519	4
7523	14
7537	2
7538	2
7539	1
7540	3
7543	3
7546	7
7553	3
7556	1
7557	2
7559	4
7563	4
7567	5
7572	14
7586	4
7590	3
7593	2
7595	6
7601	2
7603	1
7604	15
7619	2
7621	5
7626	2
7628	2
7629	1
7630	7
7637	11
7648	13
7661	5
7666	2
7667	1
7668	2
7670	1
7671	3
7674	12
7686	2
7688	11
7699	2
7701	9
7710	4
7714	3
7717	2
7718	2
7719	1
7720	8
7728	10
7738	1
7739	2
7741	11
7752	7
7759	2
7761	11
7772	2
7774	9
7783	1
7784	6
7790	2
7792	6
7798	2
7800	17
7817	2
7819	4
7823	10
7833	3
7836	7
7843	23
7866	4
7870	4
7874	2
7875	1
7876	5
7881	3
7884	4
7888	7
7895	1
7896	3
7899	5
7904	10
7914	2
7916	2
7917	1
7918	12
7930	4
7934	13
7947	4
7951	15
7966	2
7968	2
7970	1
7971	14
7985	2
7987	2
7989	2
7991	3
7994	4
7998	3
8001	1
8002	6
8008	3
8011	20
8031	17
8048	2
8050	10
8060	1
8061	3
8064	3
8067	3
8070	2
8072	7
8079	2
8081	4
8085	2
8087	2
8089	2
8091	3
8094	6
8100	3
8103	3
8106	9
8115	5
8120	5
8125	9
8134	2
8136	19
8155	2
8157	7
8164	3
8167	2
8169	4
8173	2
8175	4
8179	2
8180	1
8181	2
8183	2
8184	2
8185	1
8186	4
8190	3
8193	6
8199	11
8210	4
8214	7
8221	2
8223	2
8225	4
8229	3
8232	2
8234	5
8239	8
8247	4
8251	6
8257	11
8268	6
8274	8
8282	4
8286	2
8288	4
8292	5
8297	4
8301	1
8302	4
8306	5
8311	2
8313	2
8315	4
8319	14
8333	3
8336	5
8341	2
8343	2
8345	11
8356	2
8358	11
8369	12
8381	4
8385	4
8389	8
8397	2
8399	2
8401	10
8411	19
8430	15
8445	8
8453	2
8455	18
8473	6
8479	8
8487	1
8488	3
8491	3
8494	4
8498	4
8502	7
8509	5
8514	1
8515	2
8517	1
8518	3
8521	9
8530	2
8531	1
8532	5
8537	7
8544	4
8548	10
8558	2
8560	2
8562	1
8563	3
8566	9
8575	4
8579	6
8585	4
8589	12
8601	7
8608	5
8613	2
8615	2
8616	1
8617	4
8621	19
8640	7
8647	4
8651	10
8661	3
8664	2
8665	1
8666	13
8679	15
8694	17
8711	2
8713	2
8715	6
8721	4
8725	4
8729	6
8735	1
8736	3
8739	5
8744	9
8753	8
8761	4
8765	8
8773	5
8778	4
8782	3
8785	2
8787	25
8812	9
8821	1
8822	2
8824	2
8826	3
8829	2
8831	5
8836	6
8842	5
8847	8
8855	3
8858	2
8859	2
8860	2
8861	2
8862	1
8863	2
8865	4
8869	8
8877	2
8879	2
8881	8
8889	1
8890	3
8893	6
8899	2
8901	19
8920	16
8936	3
8939	2
8941	2
8943	2
8944	2
8945	1
8946	3
8949	5
8954	3
8957	1
8958	8
8966	3
8969	7
8976	2
8978	2
8980	10
8990	2
8992	4
8996	9
9005	4
9009	5
9014	1
9015	4
9019	16
9035	2
9037	8
9045	2
9046	2
9047	1
9048	2
9050	2
9052	2
9054	3
9057	1
9058	4
9062	5
9067	3
9070	4
9074	2
9076	27
9103	8
9111	2
9113	1
9114	2
9116	4
9120	3
9123	1
9124	10
9134	4
9138	2
9140	2
9142	9
9151	13
9164	2
9166	2
9168	1
9169	4
9173	8
9181	9
9190	20
9210	4
9214	2
9216	8
9224	4
9228	1
9229	8
9237	1
9238	2
9240	5
9245	20
9265	2
9266	1
9267	2
9269	2
9271	18
9289	6
9295	3
9298	2
9300	2
9302	2
9304	15
9319	2
9321	5
9326	8
9334	4
9338	2
9340	25
9365	6
9371	4
9375	5
9380	3
9383	4
9387	3
9390	18
9408	3
9411	3
9414	5
9419	2
9421	4
9425	2
9427	6
9433	16
9449	3
9452	1
9453	2
9455	2
9457	23
9480	2
9482	7
9489	2
9490	1
9491	5
9496	3
9499	2
9501	16
9517	8
9525	16
9541	1
9542	3
9545	2
9546	1
9547	4
9551	5
9556	14
9570	5
9575	4
9579	7
9586	3
9589	6
9595	5
9600	1
9601	5
9606	1
9607	4
9611	2
9613	2
9614	1
9615	5
9620	7
9627	7
9634	2
9636	3
9639	2
9641	2
9643	2
9645	4
9649	1
9650	20
9670	1
9671	2
9673	2
9675	2
9677	12
9689	2
9691	2
9693	5
9698	3
9701	3
9704	2
9706	4
9710	2
9712	12
9724	5
9729	3
9732	6
9738	4
9742	2
9744	5
9749	8
9757	4
9761	2
9763	6
9769	7
9776	3
9779	2
9781	12
9793	2
9795	3
9798	8
9806	2
9808	11
9819	2
9821	1
9822	3
9825	2
9826	1
9827	4
9831	8
9839	11
9850	5
9855	4
9859	2
9861	3
9864	3
9867	2
9869	9
9878	2
9880	19
9899	7
9906	7
9913	4
9917	14
9931	2
9933	13
9946	9
9955	2
9957	1
9958	23
9981	15
9996	5
10001	2
10003	10
10013	5
10018	4
10022	2
10024	3
10027	2
10029	7
10036	1
10037	5
10042	2
10044	7
10051	11
10062	4
10066	1
10067	2
10069	4
10073	2
10075	4
10079	1
10080	2
10082	2
10084	7
10091	2
10093	8
10101	4
10105	2
10106	2
10107	1
10108	7
10115	2
10117	2
10119	2
10121	2
10123	3
10126	2
10127	2
10128	2
10129	1
10130	3
10133	2
10135	3
10138	9
10147	17
10164	5
10169	4
10173	1
10174	18
10192	7
10199	12
10211	2
10213	11
10224	2
10226	3
10229	2
10231	2
10233	18
10251	2
10253	2
10255	13
10268	14
10282	8
10290	2
10292	1
10293	4
10297	1
10298	4
10302	2
10304	5
10309	2
10311	5
10316	4
10320	4
10324	4
10328	2
10329	1
10330	16
10346	9
10355	3
10358	1
10359	20
10379	1
10380	2
10382	3
10385	2
10387	2
10389	4
10393	16
10409	1
10410	4
10414	3
10417	2
10419	6
10425	3
10428	2
10430	5
10435	6
10441	8
10449	5
10454	12
10466	7
10473	5
10478	2
10480	17
10497	5
10502	1
10503	2
10505	10
10515	2
10517	5
10522	3
10525	21
10546	6
10552	2
10554	7
10561	2
10563	2
10565	5
10570	7
10577	2
10579	2
10581	15
10596	3
10599	5
10604	5
10609	4
10613	2
10615	8
10623	2
10625	1
10626	3
10629	1
10630	4
10634	1
10635	5
10640	10
10650	2
10652	5
10657	11
10668	2
10670	3
10673	5
10678	1
10679	4
10683	2
10685	5
10690	4
10694	11
10705	3
10708	2
10710	5
10715	4
10719	4
10723	2
10725	3
10728	2
10730	4
10734	21
10755	2
10757	2
10759	2
10761	11
10772	10
10782	5
10787	8
10795	4
10799	28
10827	1
10828	2
10830	7
10837	2
10839	11
10850	3
10853	4
10857	4
10861	11
10872	2
10874	2
10876	3
10879	4
10883	2
10884	2
10885	2
10886	2
10887	2
10888	1
10889	14
10903	5
10908	6
10914	6
10920	4
10924	1
10925	3
10928	1
10929	2
10931	2
10933	2
10935	2
10937	5
10942	16
10958	11
10969	5
10974	11
10985	14
10999	4
11003	1
11004	6
11010	2
11012	2
11014	24
11038	2
11040	1
11041	4
11045	7
11052	5
11057	1
11058	2
11060	7
11067	8
11075	4
11079	1
11080	8
11088	1
11089	2
11091	2
11093	1
11094	2
11096	4
11100	3
11103	2
11104	1
11105	3
11108	4
11112	6
11118	2
11119	1
11120	3
11123	6
11129	3
11132	2
11133	1
11134	2
11136	1
11137	3
11140	6
11146	1
11147	9
11156	2
11158	1
11159	4
11163	2
11165	5
11170	2
11172	16
11188	4
11192	7
11199	1
11200	4
11204	1
11205	7
11212	5
11217	7
11224	2
11226	10
11236	2
11238	4
11242	12
11254	11
11265	3
11268	14
11282	1
11283	8
11291	10
11301	2
11303	5
11308	12
11320	1
11321	3
11324	1
11325	7
11332	8
11340	7
11347	15
11362	14
11376	4
11380	4
11384	5
11389	2
11391	9
11400	10
11410	7
11417	4
11421	6
11427	7
11434	2
11436	11
11447	3
11450	2
11452	2
11454	2
11455	1
11456	2
11458	10
11468	4
11472	3
11475	2
11476	2
11477	1
11478	2
11480	3
11483	2
11485	3
11488	12
11500	4
11504	2
11506	5
11511	3
11514	6
11520	7
11527	6
11533	3
11536	2
11537	1
11538	4
11542	2
11544	1
11545	4
11549	5
11554	5
11559	4
11563	2
11565	4
11569	8
11577	1
11578	7
11585	19
11604	5
11609	3
11612	21
11633	2
11635	2
11637	11
11648	8
11656	4
11660	2
11662	3
11665	4
11669	22
11691	3
11694	2
11696	3
11699	6
11705	2
11707	4
11711	2
11713	2
11715	6
11721	1
11722	3
11725	2
11726	2
11727	2
11728	1
11729	2
11731	4
11735	5
11740	7
11747	3
11750	16
11766	3
11769	23
11792	2
11794	2
11796	4
11800	21
11821	4
11825	14
11839	3
11842	3
11845	3
11848	5
11853	5
11858	1
11859	24
11883	3
11886	1
11887	2
11889	2
11891	3
11894	7
11901	8
11909	5
11914	2
11916	2
11918	2
11920	2
11922	8
11930	15
11945	3
11948	2
11949	2
11950	1
11951	2
11953	17
11970	7
11977	13
11990	11
12001	9
12010	5
12015	4
12019	10
12029	2
12031	3
12034	2
12036	2
12038	2
12039	1
12040	12
12052	12
12064	4
12068	27
12095	2
12097	4
12101	7
12108	4
12112	9
12121	13
12134	5
12139	16
12155	4
12159	4
12163	1
12164	10
12174	8
12182	1
12183	4
12187	9
12196	5
12201	1
12202	10
12212	2
12214	2
12216	2
12218	5
12223	2
12225	3
12228	2
12230	2
12231	2
12232	1
12233	2
12235	4
12239	3
12242	1
12243	7
12250	3
12253	1
12254	2
12256	2
12257	1
12258	5
12263	2
12265	2
12267	2
12269	1
12270	7
12277	4
12281	5
12286	2
12288	3
12291	2
12293	2
12295	11
12306	2
12308	12
12320	9
12329	4
12333	3
12336	2
12338	9
12347	2
12349	3
12352	2
12354	19
12373	5
12378	8
12386	28
12414	7
12421	2
12423	12
12435	4
12439	2
12441	1
12442	2
12444	7
12451	2
12453	12
12465	2
12467	2
12469	2
12471	2
12473	28
12501	1
12502	2
12504	13
12517	7
12524	2
12526	2
12528	3
12531	6
12537	2
12538	1
12539	2
12541	2
12543	3
12546	4
12550	13
12563	2
12565	2
12567	2
12569	8
12577	7
12584	2
12586	2
12588	1
12589	2
12591	2
12593	4
12597	1
12598	2
12600	5
12605	2
12607	2
12609	2
12611	2
12613	4
12617	5
12622	4
12626	20
12646	10
12656	4
12660	28
12688	6
12694	1
12695	2
12697	2
12699	1
12700	3
12703	8
12711	4
12715	3
12718	1
12719	3
12722	2
12724	18
12742	3
12745	14
12759	5
12764	7
12771	2
12772	1
12773	2
12775	4
12779	7
12786	2
12788	2
12790	2
12792	2
12794	2
12796	4
12800	4
12804	3
12807	3
12810	2
12812	2
12814	2
12816	8
12824	2
12826	4
12830	14
12844	2
12846	7
12853	24
12877	8
12885	8
12893	13
12906	3
12909	15
12924	2
12926	8
12934	2
12936	12
12948	2
12950	2
12952	4
12956	12
12968	4
12972	2
12974	5
12979	1
12980	8
12988	3
12991	2
12993	2
12995	7
13002	2
13004	5
13009	2
13011	2
13013	4
13017	6
13023	2
13025	4
13029	4
13033	5
13038	2
13040	12
13052	3
13055	1
13056	6
13062	4
13066	2
13068	1
13069	10
13079	2
13080	1
13081	3
13084	13
13097	2
13099	2
13100	1
13101	5
13106	4
13110	15
13125	8
13133	4
13137	9
13146	11
13157	4
13161	6
13167	6
13173	3
13176	2
13178	2
13180	2
13182	4
13186	3
13189	1
13190	12
13202	12
13214	2
13216	1
13217	18
13235	13
13248	5
13253	2
13255	2
13257	3
13260	2
13262	1
13263	3
13266	4
13270	5
13275	4
13279	2
13281	1
13282	2
13284	6
13290	3
13293	1
13294	3
13297	12
13309	2
13311	11
13322	4
13326	5
13331	2
13333	2
13335	7
13342	6
13348	4
13352	8
13360	9
13369	2
13370	2
13371	1
13372	5
13377	2
13379	1
13380	2
13382	3
13385	5
13390	17
13407	21
13428	9
13437	2
13439	2
13441	6
13447	6
13453	2
13455	4
13459	4
13463	3
13466	3
13469	2
13471	19
13490	4
13494	4
13498	7
13505	1
13506	10
13516	14
13530	2
13532	1
13533	16
13549	2
13551	4
13555	3
13558	7
13565	3
13568	5
13573	4
13577	4
13581	2
13583	2
13585	2
13587	4
13591	4
13595	8
13603	8
13611	5
13616	2
13617	1
13618	2
13620	2
13622	2
13624	4
13628	1
13629	3
13632	4
13636	2
13638	2
13640	8
13648	3
13651	1
13652	4
13656	11
13667	8
13675	2
13677	2
13679	4
13683	3
13686	7
13693	9
13702	3
13705	10
13715	6
13721	4
13725	6
13731	4
13735	4
13739	7
13746	8
13754	8
13762	10
13772	6
13778	4
13782	2
13784	1
13785	9
13794	5
13799	11
13810	2
13812	9
13821	10
13831	6
13837	1
13838	4
13842	6
13848	6
13854	5
13859	10
13869	4
13873	2
13875	4
13879	11
13890	7
13897	4
13901	4
13905	2
13907	5
13912	2
13914	5
13919	9
13928	14
13942	10
13952	2
13954	2
13956	2
13957	2
13958	1
13959	4
13963	4
13967	6
13973	12
13985	8
13993	4
13997	2
13999	2
14001	4
14005	4
14009	8
14017	9
14026	1
14027	5
14032	3
14035	17
14052	4
14056	9
14065	8
14073	1
14074	10
14084	2
14086	23
14109	2
14111	7
14118	4
14122	10
14132	9
14141	2
14143	4
14147	2
14149	1
14150	2
14152	2
14154	1
14155	7
14162	8
14170	5
14175	5
14180	2
14182	2
14184	2
14185	2
14186	2
14187	1
14188	14
14202	6
14208	1
14209	9
14218	4
14222	15
14237	2
14239	2
14240	2
14241	1
14242	12
14254	2
14255	1
14256	3
14259	8
14267	3
14270	2
14272	2
14274	2
14276	2
14278	3
14281	19
14300	12
14312	23
14335	4
14339	1
14340	2
14342	10
14352	2
14354	4
14358	2
14360	5
14365	3
14368	2
14370	1
14371	4
14375	37
14412	4
14416	6
14422	4
14426	5
14431	5
14436	6
14442	3
14445	5
14450	4
14454	9
14463	2
14465	2
14467	3
14470	5
14475	2
14477	5
14482	3
14485	2
14487	11
14498	5
14503	12
14515	3
14518	4
14522	6
14528	3
14531	6
14537	2
14539	2
14541	4
14545	1
14546	14
14560	3
14563	1
14564	5
14569	2
14571	3
14574	6
14580	5
14585	2
14587	7
14594	8
14602	11
14613	5
14618	7
14625	5
14630	8
14638	2
14640	5
14645	6
14651	9
14660	4
14664	7
14671	2
14673	2
14675	17
14692	3
14695	2
14697	2
14699	7
14706	11
14717	8
14725	11
14736	2
14738	2
14740	2
14742	2
14744	2
14746	10
14756	4
14760	14
14774	2
14775	1
14776	2
14778	12
14790	8
14798	1
14799	3
14802	16
14818	2
14820	2
14822	2
14824	2
14826	4
14830	7
14837	6
14843	11
14854	1
14855	7
14862	7
14869	21
14890	2
14891	2
14892	2
14893	1
14894	7
14901	4
14905	1
14906	4
14910	12
14922	6
14928	6
14934	10
14944	4
14948	4
14952	3
14955	17
14972	14
14986	1
14987	2
14989	1
14990	9
14999	8
15007	2
15009	2
15011	1
15012	3
15015	5
15020	4
15024	2
15026	2
15028	9
15037	7
15044	11
15055	3
15058	1
15059	7
15066	4
15070	20
15090	5
15095	12
15107	2
15108	1
15109	6
15115	9
15124	11
15135	30
15165	2
15167	4
15171	6
15177	12
15189	3
15192	10
15202	8
15210	3
15213	3
15216	7
15223	4
15227	1
15228	10
15238	5
15243	8
15251	9
15260	10
15270	1
15271	2
15273	5
15278	2
15279	1
15280	2
15282	1
15283	2
15285	2
15287	5
15292	8
15300	1
15301	6
15307	2
15309	8
15317	3
15320	2
15321	1
15322	3
15325	4
15329	6
15335	4
15339	3
15342	4
15346	4
15350	23
15373	3
15376	2
15378	2
15380	8
15388	7
15395	1
15396	2
15398	2
15400	2
15402	2
15404	5
15409	7
15416	18
15434	1
15435	3
15438	6
15444	7
15451	3
15454	3
15457	8
15465	2
15467	4
15471	2
15473	2
15475	2
15477	17
15494	2
15496	6
15502	7
15509	2
15511	7
15518	5
15523	3
15526	14
15540	4
15544	6
15550	2
15551	1
15552	10
15562	2
15564	2
15566	2
15567	1
15568	2
15570	2
15571	2
15572	1
15573	7
15580	6
15586	2
15588	3
15591	3
15594	7
15601	4
15605	10
15615	6
15621	5
15626	6
15632	8
15640	4
15644	9
15653	1
15654	6
15660	9
15669	2
15671	2
15673	3
15676	2
15677	2
15678	1
15679	7
15686	2
15688	7
15695	1
15696	4
15700	2
15702	13
15715	8
15723	12
15735	4
15739	13
15752	7
15759	10
15769	7
15776	6
15782	8
15790	15
15805	15
15820	2
15822	2
15824	7
15831	20
15851	1
15852	5
15857	2
15859	10
15869	2
15871	10
15881	3
15884	1
15885	9
15894	7
15901	2
15902	1
15903	8
15911	6
15917	3
15920	5
15925	13
15938	3
15941	6
15947	6
15953	14
15967	1
15968	7
15975	4
15979	2
15981	3
15984	11
15995	7
16002	2
16004	10
16014	2
16016	2
16018	10
16028	2
16030	2
16031	2
16032	1
16033	3
16036	11
16047	2
16049	2
16051	2
16053	9
16062	2
16064	3
16067	2
16069	2
16071	3
16074	2
16076	8
16084	13
16097	2
16099	2
16101	2
16103	2
16105	4
16109	2
16111	1
16112	3
16115	9
16124	6
16130	3
16133	4
16137	9
16146	4
16150	2
16152	4
16156	8
16164	14
16178	13
16191	5
16196	4
16200	18
16218	3
16221	5
16226	4
16230	2
16231	1
16232	2
16234	3
16237	2
16239	8
16247	8
16255	4
16259	2
16261	3
16264	4
16268	8
16276	3
16279	2
16280	1
16281	11
16292	6
16298	3
16301	1
16302	11
16313	1
16314	8
16322	6
16328	5
16333	5
16338	4
16342	4
16346	3
16349	12
16361	3
16364	11
16375	6
16381	2
16383	2
16385	6
16391	4
16395	33
16428	8
16436	4
16440	4
16444	1
16445	13
16458	8
16466	5
16471	4
16475	11
16486	3
16489	9
16498	8
16506	4
16510	11
16521	14
16535	9
16544	9
16553	2
16554	1
16555	6
16561	2
16563	3
16566	6
16572	6
16578	13
16591	1
16592	4
16596	5
16601	5
16606	7
16613	4
16617	2
16619	2
16621	1
16622	7
16629	3
16632	1
16633	2
16635	17
16652	2
16654	4
16658	1
16659	7
16666	2
16668	2
16670	1
16671	17
16688	19
16707	1
16708	4
16712	3
16715	7
16722	4
16726	41
16767	2
16769	6
16775	7
16782	2
16783	2
16784	1
16785	2
16787	2
16789	3
16792	7
16799	4
16803	12
16815	3
16818	6
16824	4
16828	6
16834	2
16836	2
16838	2
16840	2
16842	2
16844	8
16852	5
16857	12
16869	2
16871	8
16879	19
16898	7
16905	11
16916	4
16920	9
16929	3
16932	2
16934	4
16938	7
16945	2
16947	2
16949	13
16962	16
16978	10
16988	4
16992	3
16995	6
17001	2
17003	3
17006	5
17011	10
17021	3
17024	2
17026	2
17028	3
17031	4
17035	8
17043	2
17045	9
17054	4
17058	2
17060	7
17067	3
17070	2
17072	4
17076	4
17080	3
17083	9
17092	3
17095	2
17096	1
17097	2
17099	1
17100	4
17104	4
17108	2
17110	8
17118	6
17124	13
17137	16
17153	2
17155	1
17156	2
17158	4
17162	11
17173	2
17175	2
17177	3
17180	1
17181	4
17185	2
17187	2
17189	4
17193	3
17196	4
17200	18
17218	1
17219	10
17229	3
17232	10
17242	11
17253	5
17258	3
17261	3
17264	2
17266	2
17268	2
17270	2
17272	5
17277	2
17279	3
17282	4
17286	2
17288	3
17291	2
17293	34
17327	2
17329	13
17342	2
17343	1
17344	2
17346	2
17348	6
17354	3
17357	3
17360	4
17364	2
17366	10
17376	4
17380	4
17384	3
17387	2
17389	2
17391	2
17393	22
17415	11
17426	2
17428	5
17433	10
17443	4
17447	1
17448	4
17452	2
17454	5
17459	2
17461	4
17465	6
17471	5
17476	15
17491	18
17509	5
17514	4
17518	4
17522	11
17533	5
17538	7
17545	2
17547	2
17549	2
17551	10
17561	1
17562	2
17564	14
17578	2
17580	10
17590	26
17616	2
17618	3
17621	13
17634	5
17639	1
17640	7
17647	4
17651	9
17660	4
17664	2
17666	2
17668	2
17670	8
17678	2
17680	2
17682	12
17694	2
17696	2
17698	11
17709	7
17716	4
17720	2
17722	6
17728	7
17735	2
17737	3
17740	4
17744	3
17747	3
17750	2
17751	1
17752	11
17763	2
17765	2
17766	1
17767	2
17769	5
17774	2
17776	2
17778	2
17780	2
17782	11
17793	9
17802	2
17804	9
17813	3
17816	4
17820	2
17822	2
17824	2
17826	5
17831	3
17834	7
17841	2
17843	11
17854	10
17864	6
17870	14
17884	13
17897	2
17899	2
17900	2
17901	1
17902	16
17918	7
17925	2
17927	1
17928	3
17931	20
17951	2
17953	3
17956	6
17962	15
17977	8
17985	3
17988	1
17989	9
17998	6
18004	16
18020	4
18024	5
18029	17
18046	2
18048	2
18050	4
18054	2
18056	4
18060	2
18061	2
18062	1
18063	10
18073	1
18074	3
18077	2
18079	7
18086	7
18093	3
18096	11
18107	5
18112	3
18115	5
18120	2
18122	2
18124	3
18127	7
18134	7
18141	7
18148	2
18150	4
18154	10
18164	5
18169	4
18173	3
18176	6
18182	2
18184	9
18193	13
18206	4
18210	1
18211	4
18215	7
18222	2
18224	2
18226	3
18229	7
18236	4
18240	2
18241	2
18242	1
18243	2
18245	2
18247	2
18249	2
18251	2
18253	4
18257	1
18258	12
18270	8
18278	1
18279	2
18281	3
18284	2
18286	2
18288	2
18290	30
18320	2
18322	7
18329	2
18330	1
18331	7
18338	4
18342	7
18349	4
18353	4
18357	5
18362	2
18364	5
18369	7
18376	3
18379	8
18387	13
18400	5
18405	5
18410	2
18412	9
18421	7
18428	7
18435	1
18436	9
18445	2
18447	5
18452	1
18453	2
18455	2
18457	2
18459	6
18465	2
18466	1
18467	18
18485	2
18487	4
18491	8
18499	10
18509	2
18511	2
18513	1
18514	2
18516	15
18531	6
18537	1
18538	4
18542	8
18550	4
18554	9
18563	8
18571	9
18580	3
18583	6
18589	19
18608	6
18614	4
18618	3
18621	2
18623	6
18629	8
18637	1
18638	3
18641	19
18660	15
18675	9
18684	17
18701	3
18704	1
18705	3
18708	5
18713	3
18716	6
18722	3
18725	2
18727	12
18739	3
18742	2
18744	8
18752	2
18754	2
18756	15
18771	3
18774	1
18775	8
18783	2
18785	2
18787	2
18789	2
18791	1
18792	8
18800	2
18802	1
18803	4
18807	2
18809	2
18810	2
18811	1
18812	7
18819	7
18826	8
18834	4
18838	12
18850	6
18856	4
18860	9
18869	5
18874	3
18877	7
18884	2
18886	12
18898	4
18902	3
18905	3
18908	9
18917	4
18921	4
18925	2
18927	11
18938	16
18954	3
18957	6
18963	1
18964	3
18967	13
18980	2
18982	14
18996	8
19004	3
19007	3
19010	2
19012	2
19014	5
19019	5
19024	8
19032	22
19054	29
19083	2
19085	1
19086	13
19099	2
19101	11
19112	5
19117	13
19130	2
19132	1
19133	8
19141	3
19144	10
19154	13
19167	2
19168	2
19169	1
19170	5
19175	3
19178	1
19179	2
19181	2
19182	1
19183	5
19188	6
19194	3
19197	1
19198	4
19202	2
19204	1
19205	3
19208	2
19210	2
19212	4
19216	2
19217	2
19218	1
19219	3
19222	11
19233	2
19234	1
19235	4
19239	25
19264	2
19266	2
19268	8
19276	1
19277	2
19279	9
19288	12
19300	1
19301	2
19303	2
19304	1
19305	7
19312	14
19326	4
19330	4
19334	13
19347	14
19361	4
19365	3
19368	2
19370	9
19379	10
19389	5
19394	2
19396	2
19398	2
19400	13
19413	8
19421	5
19426	2
19428	1
19429	5
19434	5
19439	9
19448	14
19462	6
19468	6
19474	3
19477	2
19479	2
19481	2
19483	4
19487	2
19489	2
19491	2
19493	2
19494	1
19495	8
19503	7
19510	6
19516	2
19518	2
19519	2
19520	2
19521	2
19522	2
19523	2
19524	2
19525	2
19526	1
19527	2
19529	2
19530	1
19531	13
19544	4
19548	5
19553	3
19556	1
19557	2
19559	3
19562	2
19563	1
19564	2
19566	2
19568	4
19572	2
19574	2
19576	2
19577	1
19578	2
19580	4
19584	8
19592	4
19596	2
19598	4
19602	6
19608	6
19614	3
19617	2
19619	2
19621	2
19623	4
19627	2
19629	2
19631	2
19633	2
19634	1
19635	8
19643	7
19650	6
19656	2
19658	2
19659	2
19660	2
19661	2
19662	2
19663	2
19664	2
19665	2
19666	1
19667	2
19669	2
19670	1
19671	13
19684	4
19688	5
19693	3
19696	1
19697	2
19699	3
19702	2
19703	1
19704	2
19706	2
19708	4
19712	2
19714	2
19716	2
19717	1
19718	2
19720	4
19724	8
19732	4
19736	2
19738	8
19746	4
19750	4
19754	13
19767	14
19781	4
19785	3
19788	2
19790	9
19799	10
19809	5
19814	2
19816	2
19818	2
19820	13
19833	8
19841	5
19846	2
19848	1
19849	5
19854	5
19859	9
19868	13
19881	2
19882	1
19883	5
19888	6
19894	3
19897	1
19898	4
19902	2
19904	1
19905	3
19908	2
19910	2
19912	4
19916	2
19917	2
19918	1
19919	3
19922	11
19933	2
19934	1
19935	4
19939	25
19964	2
19966	2
19968	8
19976	1
19977	2
19979	9
19988	12
20000	1
20001	2
20003	2
20004	1
20005	7
20012	22
20034	29
20063	2
20065	1
20066	13
20079	2
20081	11
20092	5
20097	13
20110	2
20112	1
20113	8
20121	3
20124	10
20134	13
20147	2
20148	2
20149	1
20150	5
20155	3
20158	1
20159	3
20162	3
20165	3
20168	9
20177	4
20181	4
20185	2
20187	11
20198	16
20214	3
20217	6
20223	1
20224	3
20227	13
20240	2
20242	14
20256	8
20264	3
20267	3
20270	2
20272	2
20274	5
20279	5
20284	8
20292	19
20311	3
20314	1
20315	8
20323	2
20325	2
20327	2
20329	2
20331	1
20332	8
20340	2
20342	1
20343	4
20347	2
20349	2
20350	2
20351	1
20352	7
20359	7
20366	8
20374	4
20378	12
20390	6
20396	4
20400	9
20409	5
20414	3
20417	7
20424	2
20426	12
20438	3
20441	2
20443	6
20449	8
20457	1
20458	3
20461	19
20480	15
20495	9
20504	17
20521	3
20524	1
20525	3
20528	5
20533	3
20536	6
20542	3
20545	2
20547	12
20559	3
20562	2
20564	8
20572	2
20574	2
20576	9
20585	2
20587	4
20591	8
20599	10
20609	2
20611	2
20613	1
20614	2
20616	15
20631	6
20637	1
20638	4
20642	8
20650	4
20654	9
20663	8
20671	9
20680	3
20683	6
20689	19
20708	6
20714	4
20718	4
20722	7
20729	4
20733	4
20737	5
20742	2
20744	5
20749	7
20756	3
20759	8
20767	13
20780	5
20785	5
20790	2
20792	9
20801	7
20808	7
20815	1
20816	9
20825	2
20827	5
20832	1
20833	2
20835	2
20837	2
20839	6
20845	2
20846	1
20847	19
20866	4
20870	1
20871	4
20875	7
20882	2
20884	2
20886	3
20889	7
20896	4
20900	2
20901	2
20902	1
20903	2
20905	2
20907	2
20909	2
20911	2
20913	4
20917	1
20918	12
20930	8
20938	1
20939	2
20941	3
20944	2
20946	2
20948	2
20950	30
20980	2
20982	7
20989	2
20990	1
20991	7
20998	2
21000	2
21001	2
21002	1
21003	10
21013	1
21014	3
21017	2
21019	7
21026	7
21033	3
21036	11
21047	5
21052	3
21055	5
21060	2
21062	2
21064	3
21067	7
21074	7
21081	7
21088	2
21090	4
21094	10
21104	5
21109	4
21113	3
21116	6
21122	2
21124	9
21133	12
21145	2
21147	1
21148	3
21151	20
21171	2
21173	3
21176	6
21182	15
21197	8
21205	3
21208	1
21209	9
21218	6
21224	16
21240	4
21244	5
21249	17
21266	2
21268	2
21270	4
21274	2
21276	4
21280	2
21282	11
21293	9
21302	2
21304	9
21313	3
21316	4
21320	2
21322	2
21324	2
21326	5
21331	3
21334	7
21341	2
21343	11
21354	10
21364	6
21370	14
21384	13
21397	2
21399	2
21400	2
21401	1
21402	16
21418	2
21420	7
21427	4
21431	9
21440	4
21444	2
21446	2
21448	2
21450	8
21458	2
21460	2
21462	12
21474	2
21476	2
21478	11
21489	7
21496	4
21500	2
21502	6
21508	7
21515	2
21517	3
21520	4
21524	3
21527	3
21530	2
21531	1
21532	11
21543	2
21545	2
21546	1
21547	2
21549	5
21554	2
21556	2
21558	11
21569	5
21574	4
21578	4
21582	11
21593	5
21598	7
21605	2
21607	2
21609	2
21611	10
21621	1
21622	2
21624	14
21638	2
21640	10
21650	26
21676	2
21678	3
21681	13
21694	5
21699	1
21700	4
21704	2
21706	10
21716	4
21720	4
21724	3
21727	2
21729	2
21731	2
21733	22
21755	11
21766	2
21768	5
21773	10
21783	4
21787	1
21788	4
21792	2
21794	5
21799	2
21801	4
21805	6
21811	5
21816	15
21831	18
21849	3
21852	10
21862	11
21873	5
21878	3
21881	3
21884	2
21886	2
21888	2
21890	2
21892	5
21897	2
21899	3
21902	4
21906	2
21908	3
21911	2
21913	34
21947	2
21949	13
21962	2
21963	1
21964	2
21966	2
21968	6
21974	3
21977	3
21980	3
21983	9
21992	3
21995	2
21996	1
21997	2
21999	1
22000	4
22004	4
22008	2
22010	8
22018	6
22024	13
22037	16
22053	2
22055	1
22056	2
22058	4
22062	11
22073	2
22075	2
22077	3
22080	1
22081	4
22085	2
22087	2
22089	4
22093	3
22096	4
22100	18
22118	1
22119	6
22125	2
22127	2
22129	13
22142	16
22158	10
22168	4
22172	3
22175	6
22181	2
22183	3
22186	5
22191	10
22201	3
22204	2
22206	2
22208	3
22211	4
22215	8
22223	2
22225	9
22234	4
22238	2
22240	7
22247	3
22250	2
22252	4
22256	7
22263	12
22275	3
22278	6
22284	4
22288	6
22294	2
22296	2
22298	2
22300	2
22302	2
22304	8
22312	5
22317	12
22329	2
22331	8
22339	19
22358	7
22365	11
22376	4
22380	9
22389	3
22392	2
22394	4
22398	8
22406	2
22408	2
22410	1
22411	17
22428	19
22447	1
22448	4
22452	3
22455	7
22462	4
22466	41
22507	2
22509	6
22515	7
22522	2
22523	2
22524	1
22525	2
22527	2
22529	3
22532	7
22539	2
22541	14
22555	9
22564	9
22573	2
22574	1
22575	6
22581	2
22583	3
22586	6
22592	6
22598	13
22611	1
22612	4
22616	5
22621	5
22626	7
22633	4
22637	2
22639	2
22641	1
22642	7
22649	3
22652	1
22653	2
22655	17
22672	2
22674	4
22678	1
22679	2
22681	2
22683	2
22685	6
22691	4
22695	33
22728	8
22736	4
22740	4
22744	1
22745	13
22758	8
22766	5
22771	4
22775	11
22786	3
22789	9
22798	8
22806	4
22810	17
22827	8
22835	4
22839	2
22841	3
22844	4
22848	8
22856	3
22859	2
22860	1
22861	11
22872	6
22878	3
22881	1
22882	11
22893	1
22894	8
22902	6
22908	5
22913	5
22918	4
22922	4
22926	3
22929	12
22941	3
22944	11
22955	6
22961	2
22963	2
22965	4
22969	2
22971	1
22972	3
22975	9
22984	6
22990	3
22993	4
22997	9
23006	4
23010	2
23012	4
23016	8
23024	14
23038	13
23051	5
23056	4
23060	18
23078	3
23081	5
23086	4
23090	2
23091	1
23092	2
23094	3
23097	2
23099	8
23107	1
23108	7
23115	4
23119	2
23121	3
23124	11
23135	7
23142	2
23144	10
23154	2
23156	2
23158	10
23168	2
23170	2
23171	2
23172	1
23173	3
23176	11
23187	2
23189	2
23191	2
23193	9
23202	2
23204	3
23207	2
23209	2
23211	3
23214	2
23216	8
23224	13
23237	2
23239	1
23240	2
23242	2
23244	7
23251	20
23271	1
23272	5
23277	2
23279	10
23289	2
23291	10
23301	3
23304	1
23305	9
23314	7
23321	2
23322	1
23323	8
23331	6
23337	3
23340	5
23345	13
23358	3
23361	6
23367	6
23373	13
23386	2
23388	7
23395	1
23396	4
23400	2
23402	13
23415	8
23423	12
23435	4
23439	13
23452	7
23459	10
23469	7
23476	6
23482	8
23490	15
23505	15
23520	4
23524	6
23530	2
23531	1
23532	10
23542	2
23544	2
23546	2
23547	1
23548	2
23550	2
23551	2
23552	1
23553	7
23560	6
23566	2
23568	3
23571	3
23574	7
23581	4
23585	10
23595	6
23601	5
23606	6
23612	8
23620	4
23624	9
23633	1
23634	6
23640	9
23649	2
23651	2
23653	3
23656	2
23657	2
23658	2
23659	1
23660	2
23662	2
23664	5
23669	7
23676	18
23694	1
23695	3
23698	6
23704	7
23711	3
23714	3
23717	8
23725	2
23727	4
23731	2
23733	2
23735	2
23737	17
23754	2
23756	6
23762	7
23769	2
23771	7
23778	5
23783	3
23786	14
23800	10
23810	1
23811	2
23813	5
23818	2
23819	1
23820	2
23822	1
23823	2
23825	2
23827	5
23832	8
23840	1
23841	6
23847	2
23849	8
23857	3
23860	2
23861	1
23862	3
23865	4
23869	6
23875	4
23879	3
23882	4
23886	4
23890	23
23913	3
23916	2
23918	2
23920	8
23928	7
23935	1
23936	2
23938	6
23944	11
23955	30
23985	2
23987	4
23991	6
23997	12
24009	3
24012	10
24022	8
24030	3
24033	3
24036	7
24043	4
24047	1
24048	10
24058	5
24063	8
24071	15
24086	1
24087	2
24089	1
24090	9
24099	8
24107	2
24109	2
24111	1
24112	3
24115	5
24120	4
24124	2
24126	2
24128	9
24137	7
24144	11
24155	3
24158	1
24159	7
24166	4
24170	20
24190	5
24195	12
24207	2
24208	1
24209	6
24215	8
24223	11
24234	1
24235	7
24242	7
24249	21
24270	2
24271	2
24272	2
24273	1
24274	7
24281	4
24285	1
24286	4
24290	12
24302	6
24308	6
24314	10
24324	4
24328	4
24332	3
24335	17
24352	14
24366	11
24377	8
24385	11
24396	2
24398	2
24400	2
24402	2
24404	2
24406	10
24416	4
24420	14
24434	2
24435	1
24436	2
24438	12
24450	8
24458	1
24459	3
24462	16
24478	2
24480	2
24482	2
24484	2
24486	4
24490	7
24497	3
24500	3
24503	1
24504	5
24509	2
24511	3
24514	6
24520	5
24525	2
24527	7
24534	8
24542	11
24553	5
24558	7
24565	5
24570	8
24578	2
24580	5
24585	6
24591	9
24600	4
24604	7
24611	2
24613	2
24615	17
24632	3
24635	2
24637	2
24639	3
24642	4
24646	5
24651	5
24656	6
24662	3
24665	5
24670	4
24674	9
24683	2
24685	2
24687	3
24690	5
24695	2
24697	5
24702	3
24705	2
24707	11
24718	5
24723	12
24735	3
24738	4
24742	6
24748	3
24751	6
24757	2
24759	2
24761	4
24765	1
24766	15
24781	19
24800	12
24812	23
24835	4
24839	1
24840	2
24842	10
24852	2
24854	4
24858	2
24860	5
24865	3
24868	2
24870	1
24871	4
24875	37
24912	4
24916	5
24921	2
24923	4
24927	2
24929	1
24930	2
24932	2
24934	1
24935	7
24942	8
24950	5
24955	5
24960	2
24962	2
24964	2
24965	2
24966	2
24967	1
24968	14
24982	6
24988	1
24989	9
24998	4
25002	15
25017	2
25019	2
25020	2
25021	1
25022	12
25034	2
25035	1
25036	3
25039	8
25047	3
25050	2
25052	2
25054	2
25056	2
25058	3
25061	4
25065	4
25069	8
25077	9
25086	1
25087	5
25092	3
25095	17
25112	4
25116	9
25125	8
25133	1
25134	10
25144	2
25146	23
25169	2
25171	7
25178	4
25182	10
25192	17
25209	4
25213	2
25215	4
25219	11
25230	7
25237	4
25241	4
25245	2
25247	5
25252	2
25254	5
25259	9
25268	14
25282	10
25292	2
25294	2
25296	2
25297	2
25298	1
25299	4
25303	4
25307	6
25313	12
25325	8
25333	4
25337	2
25339	2
25341	4
25345	6
25351	4
25355	4
25359	7
25366	8
25374	8
25382	10
25392	6
25398	4
25402	2
25404	1
25405	9
25414	5
25419	11
25430	2
25432	9
25441	10
25451	6
25457	1
25458	4
25462	6
25468	6
25474	5
25479	2
25481	2
25483	2
25485	2
25487	4
25491	4
25495	8
25503	8
25511	5
25516	2
25517	1
25518	2
25520	2
25522	2
25524	4
25528	1
25529	3
25532	4
25536	2
25538	2
25540	8
25548	3
25551	1
25552	4
25556	11
25567	8
25575	2
25577	2
25579	4
25583	3
25586	7
25593	9
25602	3
25605	10
25615	6
25621	6
25627	6
25633	2
25635	4
25639	4
25643	3
25646	3
25649	2
25651	19
25670	4
25674	4
25678	7
25685	1
25686	10
25696	14
25710	2
25712	1
25713	16
25729	2
25731	4
25735	3
25738	7
25745	3
25748	5
25753	4
25757	12
25769	2
25771	11
25782	4
25786	5
25791	2
25793	2
25795	7
25802	6
25808	4
25812	8
25820	9
25829	2
25830	2
25831	1
25832	5
25837	2
25839	1
25840	2
25842	3
25845	5
25850	17
25867	21
25888	9
25897	2
25899	2
25901	6
25907	6
25913	3
25916	2
25918	2
25920	2
25922	4
25926	3
25929	1
25930	12
25942	12
25954	2
25956	1
25957	18
25975	13
25988	5
25993	2
25995	2
25997	3
26000	2
26002	1
26003	3
26006	4
26010	5
26015	4
26019	2
26021	1
26022	2
26024	6
26030	3
26033	1
26034	3
26037	6
26043	2
26045	4
26049	4
26053	5
26058	2
26060	12
26072	3
26075	1
26076	6
26082	4
26086	2
26088	1
26089	10
26099	2
26100	1
26101	3
26104	13
26117	2
26119	2
26120	1
26121	5
26126	4
26130	15
26145	8
26153	4
26157	9
26166	11
26177	8
26185	8
26193	13
26206	3
26209	15
26224	2
26226	8
26234	2
26236	12
26248	2
26250	2
26252	4
26256	12
26268	4
26272	2
26274	5
26279	1
26280	8
26288	3
26291	2
26293	2
26295	7
26302	2
26304	5
26309	2
26311	2
26313	4
26317	5
26322	3
26325	14
26339	5
26344	7
26351	2
26352	1
26353	2
26355	4
26359	7
26366	2
26368	2
26370	2
26372	2
26374	2
26376	4
26380	4
26384	3
26387	3
26390	2
26392	2
26394	2
26396	8
26404	2
26406	4
26410	14
26424	2
26426	7
26433	24
26457	3
26460	5
26465	2
26467	2
26469	2
26471	2
26473	4
26477	5
26482	4
26486	20
26506	10
26516	4
26520	28
26548	6
26554	1
26555	2
26557	2
26559	1
26560	3
26563	8
26571	4
26575	3
26578	1
26579	3
26582	2
26584	21
26605	2
26607	2
26609	2
26611	2
26613	28
26641	1
26642	2
26644	13
26657	7
26664	2
26666	2
26668	3
26671	6
26677	2
26678	1
26679	2
26681	2
26683	3
26686	4
26690	13
26703	2
26705	2
26707	2
26709	8
26717	7
26724	2
26726	2
26728	1
26729	2
26731	2
26733	4
26737	1
26738	2
26740	9
26749	4
26753	3
26756	2
26758	9
26767	2
26769	3
26772	2
26774	19
26793	5
26798	8
26806	28
26834	7
26841	2
26843	12
26855	4
26859	2
26861	1
26862	2
26864	7
26871	2
26873	9
26882	1
26883	4
26887	9
26896	5
26901	1
26902	10
26912	2
26914	2
26916	2
26918	5
26923	2
26925	3
26928	2
26930	2
26931	2
26932	1
26933	2
26935	4
26939	3
26942	1
26943	7
26950	3
26953	1
26954	2
26956	2
26957	1
26958	5
26963	2
26965	2
26967	2
26969	1
26970	7
26977	4
26981	5
26986	2
26988	3
26991	2
26993	2
26995	11
27006	2
27008	12
27020	12
27032	12
27044	4
27048	27
27075	2
27077	4
27081	7
27088	4
27092	9
27101	13
27114	5
27119	16
27135	4
27139	4
27143	1
27144	10
27154	7
27161	8
27169	5
27174	2
27176	2
27178	2
27180	2
27182	8
27190	15
27205	3
27208	2
27209	2
27210	1
27211	2
27213	17
27230	7
27237	13
27250	11
27261	9
27270	5
27275	4
27279	10
27289	2
27291	3
27294	2
27296	2
27298	1
27299	7
27306	3
27309	23
27332	2
27334	2
27336	4
27340	21
27361	4
27365	14
27379	3
27382	3
27385	3
27388	5
27393	5
27398	1
27399	24
27423	3
27426	1
27427	2
27429	2
27431	3
27434	19
27453	2
27455	2
27457	11
27468	8
27476	4
27480	2
27482	3
27485	4
27489	22
27511	3
27514	2
27516	3
27519	6
27525	2
27527	4
27531	2
27533	2
27535	6
27541	1
27542	3
27545	2
27546	2
27547	2
27548	1
27549	2
27551	4
27555	5
27560	7
27567	3
27570	10
27580	3
27583	2
27585	3
27588	12
27600	4
27604	2
27606	5
27611	3
27614	6
27620	7
27627	6
27633	3
27636	2
27637	1
27638	4
27642	2
27644	1
27645	4
27649	5
27654	5
27659	4
27663	2
27665	4
27669	8
27677	1
27678	7
27685	19
27704	5
27709	3
27712	8
27720	7
27727	15
27742	14
27756	4
27760	4
27764	5
27769	2
27771	9
27780	10
27790	7
27797	4
27801	6
27807	7
27814	2
27816	11
27827	3
27830	2
27832	2
27834	2
27835	1
27836	2
27838	10
27848	4
27852	3
27855	2
27856	2
27857	1
27858	2
27860	4
27864	1
27865	7
27872	5
27877	7
27884	2
27886	10
27896	2
27898	4
27902	12
27914	11
27925	3
27928	14
27942	1
27943	8
27951	10
27961	2
27963	5
27968	12
27980	1
27981	3
27984	1
27985	7
27992	8
28000	7
28007	8
28015	4
28019	1
28020	8
28028	1
28029	2
28031	2
28033	1
28034	2
28036	4
28040	3
28043	2
28044	1
28045	3
28048	4
28052	6
28058	2
28059	1
28060	3
28063	6
28069	3
28072	2
28073	1
28074	2
28076	1
28077	3
28080	6
28086	1
28087	9
28096	2
28098	1
28099	4
28103	2
28105	5
28110	2
28112	16
28128	4
28132	7
28139	1
28140	4
28144	1
28145	3
28148	1
28149	2
28151	2
28153	2
28155	2
28157	5
28162	16
28178	11
28189	5
28194	11
28205	14
28219	4
28223	1
28224	6
28230	2
28232	2
28234	24
28258	2
28260	1
28261	4
28265	7
28272	5
28277	1
28278	4
28282	5
28287	8
28295	4
28299	28
28327	1
28328	2
28330	7
28337	2
28339	11
28350	3
28353	4
28357	4
28361	11
28372	2
28374	2
28376	3
28379	4
28383	2
28384	2
28385	2
28386	2
28387	2
28388	1
28389	14
28403	5
28408	6
28414	6
28420	10
28430	2
28432	5
28437	11
28448	2
28450	3
28453	5
28458	1
28459	4
28463	2
28465	5
28470	4
28474	11
28485	3
28488	2
28490	5
28495	4
28499	4
28503	2
28505	3
28508	2
28510	4
28514	21
28535	2
28537	2
28539	2
28541	11
28552	10
28562	1
28563	2
28565	10
28575	2
28577	5
28582	3
28585	21
28606	6
28612	2
28614	7
28621	2
28623	2
28625	5
28630	7
28637	2
28639	2
28641	15
28656	3
28659	5
28664	5
28669	4
28673	2
28675	8
28683	2
28685	1
28686	3
28689	1
28690	4
28694	1
28695	24
28719	1
28720	2
28722	3
28725	2
28727	2
28729	4
28733	16
28749	1
28750	4
28754	3
28757	2
28759	6
28765	3
28768	2
28770	5
28775	6
28781	8
28789	5
28794	12
28806	7
28813	5
28818	2
28820	17
28837	7
28844	2
28846	3
28849	2
28851	2
28853	18
28871	2
28873	2
28875	13
28888	14
28902	8
28910	2
28912	1
28913	4
28917	1
28918	4
28922	2
28924	5
28929	2
28931	5
28936	4
28940	4
28944	4
28948	2
28949	1
28950	16
28966	9
28975	3
28978	2
28979	1
28980	2
28982	2
28984	7
28991	2
28993	8
29001	4
29005	2
29006	2
29007	1
29008	7
29015	2
29017	2
29019	2
29021	2
29023	3
29026	2
29027	2
29028	2
29029	1
29030	3
29033	2
29035	3
29038	9
29047	17
29064	5
29069	4
29073	1
29074	18
29092	7
29099	12
29111	2
29113	13
29126	9
29135	2
29137	1
29138	23
29161	15
29176	5
29181	2
29183	10
29193	5
29198	4
29202	2
29204	3
29207	2
29209	7
29216	1
29217	5
29222	2
29224	7
29231	11
29242	4
29246	1
29247	2
29249	4
29253	2
29255	4
29259	7
29266	2
29268	11
29279	2
29281	1
29282	3
29285	2
29286	1
29287	4
29291	8
29299	11
29310	5
29315	4
29319	2
29321	3
29324	3
29327	2
29329	9
29338	2
29340	19
29359	7
29366	7
29373	4
29377	14
29391	2
29393	17
29410	1
29411	2
29413	2
29415	2
29417	12
29429	2
29431	2
29433	5
29438	3
29441	3
29444	2
29446	4
29450	2
29452	12
29464	5
29469	3
29472	6
29478	4
29482	2
29484	5
29489	8
29497	4
29501	2
29503	6
29509	7
29516	3
29519	2
29521	12
29533	2
29535	3
29538	7
29545	16
29561	1
29562	3
29565	2
29566	1
29567	4
29571	5
29576	14
29590	5
29595	4
29599	7
29606	3
29609	6
29615	5
29620	1
29621	5
29626	1
29627	4
29631	2
29633	2
29634	1
29635	5
29640	7
29647	7
29654	2
29656	3
29659	2
29661	2
29663	2
29665	4
29669	1
29670	10
29680	3
29683	4
29687	3
29690	18
29708	3
29711	3
29714	5
29719	2
29721	4
29725	2
29727	6
29733	16
29749	3
29752	1
29753	2
29755	2
29757	23
29780	2
29782	7
29789	2
29790	1
29791	5
29796	3
29799	2
29801	16
29817	3
29820	5
29825	20
29845	2
29846	1
29847	2
29849	2
29851	18
29869	6
29875	3
29878	2
29880	2
29882	2
29884	15
29899	2
29901	5
29906	8
29914	4
29918	2
29920	25
29945	6
29951	4
29955	8
29963	8
29971	2
29973	1
29974	2
29976	4
29980	3
29983	1
29984	10
29994	4
29998	2
30000	2
30002	9
30011	13
30024	2
30026	2
30028	1
30029	4
30033	8
30041	9
30050	20
30070	4
30074	2
30076	8
30084	4
30088	1
30089	8
30097	1
30098	8
30106	3
30109	7
30116	2
30118	2
30120	10
30130	2
30132	4
30136	9
30145	4
30149	5
30154	1
30155	4
30159	16
30175	2
30177	8
30185	2
30186	2
30187	1
30188	2
30190	2
30192	2
30194	3
30197	1
30198	4
30202	5
30207	3
30210	4
30214	2
30216	25
30241	1
30242	2
30244	2
30246	3
30249	2
30251	5
30256	6
30262	5
30267	8
30275	3
30278	2
30279	2
30280	2
30281	2
30282	1
30283	2
30285	4
30289	8
30297	2
30299	2
30301	8
30309	1
30310	3
30313	6
30319	2
30321	19
30340	16
30356	3
30359	2
30361	2
30363	2
30364	2
30365	1
30366	3
30369	5
30374	3
30377	1
30378	16
30394	17
30411	2
30413	2
30415	6
30421	4
30425	4
30429	6
30435	1
30436	3
30439	5
30444	9
30453	8
30461	4
30465	8
30473	5
30478	4
30482	3
30485	2
30487	25
30512	12
30524	4
30528	10
30538	2
30540	2
30542	1
30543	3
30546	9
30555	4
30559	6
30565	4
30569	12
30581	7
30588	5
30593	2
30595	2
30596	1
30597	4
30601	19
30620	7
30627	4
30631	10
30641	3
30644	2
30645	1
30646	13
30659	2
30661	10
30671	19
30690	15
30705	8
30713	2
30715	18
30733	6
30739	8
30747	1
30748	3
30751	3
30754	4
30758	4
30762	7
30769	5
30774	1
30775	2
30777	1
30778	3
30781	9
30790	2
30791	1
30792	5
30797	11
30808	6
30814	8
30822	4
30826	2
30828	4
30832	5
30837	4
30841	1
30842	4
30846	5
30851	2
30853	2
30855	4
30859	14
30873	3
30876	5
30881	2
30883	2
30885	11
30896	2
30898	11
30909	12
30921	4
30925	4
30929	8
30937	2
30939	1
30940	5
30945	9
30954	2
30956	19
30975	2
30977	7
30984	3
30987	2
30989	4
30993	2
30995	4
30999	2
31000	1
31001	2
31003	2
31004	2
31005	1
31006	4
31010	3
31013	6
31019	11
31030	4
31034	7
31041	2
31043	2
31045	4
31049	3
31052	2
31054	5
31059	8
31067	4
31071	6
31077	8
31085	2
31087	2
31089	2
31091	3
31094	4
31098	3
31101	1
31102	6
31108	3
31111	20
31131	17
31148	2
31150	10
31160	1
31161	3
31164	3
31167	3
31170	2
31172	7
31179	2
31181	4
31185	2
31187	2
31189	2
31191	3
31194	6
31200	3
31203	3
31206	9
31215	8
31223	23
31246	4
31250	4
31254	2
31255	1
31256	5
31261	3
31264	4
31268	7
31275	1
31276	3
31279	5
31284	10
31294	2
31296	2
31297	1
31298	12
31310	4
31314	13
31327	4
31331	15
31346	2
31348	2
31350	1
31351	10
31361	9
31370	4
31374	3
31377	2
31378	2
31379	1
31380	8
31388	10
31398	1
31399	2
31401	11
31412	7
31419	2
31421	11
31432	2
31434	9
31443	1
31444	6
31450	2
31452	6
31458	2
31460	17
31477	2
31479	4
31483	10
31493	3
31496	7
31503	4
31507	5
31512	14
31526	4
31530	3
31533	2
31535	6
31541	2
31543	1
31544	15
31559	2
31561	5
31566	2
31568	2
31569	1
31570	7
31577	11
31588	13
31601	5
31606	2
31607	1
31608	2
31610	1
31611	3
31614	12
31626	2
31628	11
31639	6
31645	2
31647	12
31659	2
31661	3
31664	4
31668	19
31687	5
31692	4
31696	3
31699	4
31703	12
31715	4
31719	7
31726	13
31739	4
31743	14
31757	2
31758	2
31759	1
31760	3
31763	3
31766	7
31773	3
31776	1
31777	2
31779	4
31783	4
31787	2
31789	2
31791	2
31792	1
31793	4
31797	5
31802	8
31810	3
31813	5
31818	5
31823	15
31838	11
31849	4
31853	4
31857	4
31861	3
31864	4
31868	13
31881	5
31886	1
31887	6
31893	2
31894	1
31895	15
31910	28
31938	2
31940	4
31944	4
31948	5
31953	2
31955	3
31958	2
31960	3
31963	2
31965	3
31968	2
31970	2
31972	8
31980	11
31991	10
32001	5
32006	4
32010	2
32012	2
32013	2
32014	2
32015	1
32016	3
32019	24
32043	7
32050	9
32059	14
32073	2
32075	7
32082	7
32089	1
32090	3
32093	5
32098	12
32110	8
32118	4
32122	6
32128	2
32129	1
32130	3
32133	10
32143	1
32144	4
32148	18
32166	4
32170	2
32172	1
32173	12
32185	1
32186	2
32188	5
32193	2
32195	2
32197	2
32199	1
32200	4
32204	2
32206	2
32208	10
32218	2
32220	4
32224	2
32226	1
32227	6
32233	2
32235	19
32254	1
32255	3
32258	6
32264	17
32281	9
32290	5
32295	2
32297	2
32299	20
32319	2
32321	6
32327	6
32333	6
32339	5
32344	8
32352	2
32354	2
32356	2
32358	4
32362	11
32373	10
32383	2
32384	2
32385	1
32386	16
32402	7
32409	1
32410	2
32412	3
32415	3
32418	6
32424	4
32428	4
32432	5
32437	2
32439	3
32442	2
32444	1
32445	2
32447	2
32449	4
32453	10
32463	3
32466	23
32489	9
32498	2
32500	5
32505	12
32517	16
32533	2
32535	3
32538	6
32544	3
32547	10
32557	3
32560	2
32562	10
32572	10
32582	13
32595	3
32598	11
32609	4
32613	7
32620	1
32621	12
32633	2
32635	2
32637	5
32642	6
32648	2
32650	2
32651	2
32652	1
32653	8
32661	4
32665	4
32669	4
32673	8
32681	1
32682	12
32694	32
32726	2
32728	5
32733	10
32743	8
32751	2
32753	5
32758	4
32762	2
32764	4
32768	3
32771	10
32781	3
32784	11
32795	3
32798	4
32802	4
32806	10
32816	2
32817	1
32818	6
32824	6
32830	2
32831	1
32832	14
32846	3
32849	3
32852	3
32855	4
32859	3
32862	9
32871	4
32875	4
32879	4
32883	10
32893	3
32896	24
32920	7
32927	6
32933	17
32950	3
32953	9
32962	12
32974	4
32978	2
32979	2
32980	1
32981	3
32984	2
32986	13
32999	3
33002	2
33004	3
33007	2
33009	4
33013	4
33017	6
33023	3
33026	12
33038	3
33041	2
33043	2
33045	7
33052	3
33055	2
33057	2
33059	1
33060	9
33069	6
33075	10
33085	3
33088	2
33090	7
33097	2
33099	5
33104	2
33105	1
33106	5
33111	6
33117	15
33132	7
33139	3
33142	9
33151	4
33155	8
33163	5
33168	2
33170	11
33181	2
33183	2
33185	3
33188	2
33190	5
33195	12
33207	6
33213	5
33218	1
33219	3
33222	33
33255	7
33262	4
33266	9
33275	2
33277	5
33282	11
33293	10
33303	7
33310	4
33314	4
33318	15
33333	4
33337	3
33340	3
33343	1
33344	11
33355	3
33358	2
33360	5
33365	1
33366	6
33372	2
33373	1
33374	2
33376	9
33385	3
33388	3
33391	1
33392	3
33395	7
33402	4
33406	3
33409	2
33410	1
33411	4
33415	4
33419	7
33426	3
33429	2
33431	4
33435	1
33436	3
33439	4
33443	2
33445	2
33447	3
33450	2
33452	10
33462	7
33469	17
33486	2
33487	2
33488	2
33489	2
33490	1
33491	4
33495	3
33498	12
33510	9
33519	4
33523	10
33533	7
33540	15
33555	2
33557	5
33562	4
33566	5
33571	12
33583	4
33587	3
33590	8
33598	8
33606	3
33609	4
33613	3
33616	1
33617	5
33622	22
33644	1
33645	3
33648	2
33650	2
33652	11
33663	2
33665	1
33666	2
33668	3
33671	1
33672	3
33675	1
33676	2
33678	2
33680	6
33686	4
33690	3
33693	2
33695	4
33699	7
33706	2
33708	8
33716	1
33717	2
33719	3
33722	12
33734	2
33736	2
33738	6
33744	2
33746	13
33759	4
33763	4
33767	2
33769	2
33771	1
33772	3
33775	15
33790	9
33799	3
33802	18
33820	3
33823	1
33824	5
33829	3
33832	9
33841	12
33853	14
33867	4
33871	7
33878	2
33880	9
33889	8
33897	7
33904	11
33915	13
33928	9
33937	8
33945	2
33946	2
33947	2
33948	1
33949	3
33952	1
33953	22
33975	2
33977	2
33979	3
33982	2
33984	4
33988	3
33991	2
33993	2
33995	5
34000	2
34002	3
34005	16
34021	10
34031	2
34033	2
34035	10
34045	13
34058	2
34059	1
34060	2
34062	2
34064	9
34073	8
34081	11
34092	6
34098	3
34101	3
34104	2
34106	2
34108	5
34113	4
34117	5
34122	2
34124	9
34133	6
34139	8
34147	4
34151	3
34154	4
34158	2
34159	1
34160	2
34162	2
34164	2
34166	2
34167	1
34168	11
34179	1
34180	2
34182	1
34183	3
34186	10
34196	13
34209	4
34213	3
34216	1
34217	2
34219	9
34228	2
34230	2
34232	11
34243	3
34246	18
34264	3
34267	2
34269	12
34281	10
34291	21
34312	4
34316	9
34325	2
34327	2
34329	3
34332	2
34334	1
34335	4
34339	4
34343	10
34353	21
34374	6
34380	10
34390	9
34399	14
34413	1
34414	5
34419	5
34424	2
34426	2
34428	3
34431	2
34433	2
34435	1
34436	2
34438	1
34439	2
34441	11
34452	2
34454	5
34459	1
34460	9
34469	8
34477	9
34486	2
34488	2
34489	1
34490	3
34493	2
34495	1
34496	5
34501	2
34503	2
34504	1
34505	6
34511	5
34516	2
34518	5
34523	1
34524	2
34526	18
34544	24
34568	3
34571	12
34583	2
34585	7
34592	4
34596	6
34602	17
34619	19
34638	10
34648	3
34651	3
34654	6
34660	2
34662	8
34670	1
34671	2
34673	2
34675	2
34677	2
34679	1
34680	9
34689	5
34694	6
34700	14
34714	3
34717	13
34730	10
34740	5
34745	5
34750	3
34753	2
34754	1
34755	9
34764	1
34765	2
34767	2
34769	4
34773	3
34776	4
34780	11
34791	13
34804	3
34807	20
34827	4
34831	7
34838	6
34844	1
34845	25
34870	3
34873	2
34875	1
34876	6
34882	6
34888	32
34920	4
34924	3
34927	4
34931	16
34947	2
34949	3
34952	2
34954	2
34956	1
34957	3
34960	1
34961	2
34963	2
34965	2
34967	6
34973	2
34975	8
34983	5
34988	3
34991	2
34992	2
34993	2
34994	1
34995	2
34997	1
34998	3
35001	3
35004	2
35005	1
35006	24
35030	3
35033	3
35036	2
35038	2
35040	1
35041	2
35043	1
35044	5
35049	1
35050	2
35052	2
35053	1
35054	3
35057	3
35060	10
35070	3
35073	1
35074	2
35076	3
35079	2
35081	2
35083	2
35084	1
35085	23
35108	7
35115	2
35117	24
35141	20
35161	4
35165	21
35186	14
35200	5
35205	3
35208	2
35210	6
35216	3
35219	12
35231	6
35237	9
35246	3
35249	3
35252	7
35259	2
35261	6
35267	12
35279	11
35290	4
35294	3
35297	3
35300	10
35310	3
35313	9
35322	7
35329	8
35337	8
35345	5
35350	3
35353	4
35357	7
35364	4
35368	28
35396	9
35405	11
35416	3
35419	2
35421	1
35422	3
35425	2
35427	8
35435	2
35437	2
35439	3
35442	2
35444	1
35445	14
35459	5
35464	2
35466	9
35475	2
35477	3
35480	37
35517	4
35521	2
35523	2
35525	2
35526	1
35527	5
35532	1
35533	7
35540	3
35543	3
35546	2
35548	2
35550	2
35552	2
35554	11
35565	3
35568	5
35573	4
35577	12
35589	5
35594	1
35595	2
35597	2
35599	3
35602	7
35609	2
35611	11
35622	2
35623	1
35624	8
35632	1
35633	8
35641	2
35642	2
35643	2
35644	1
35645	2
35647	1
35648	27
35675	10
35685	2
35687	9
35696	3
35699	2
35701	10
35711	8
35719	5
35724	15
35739	6
35745	2
35747	4
35751	2
35753	4
35757	1
35758	4
35762	13
35775	4
35779	13
35792	1
35793	4
35797	1
35798	6
35804	4
35808	2
35810	14
35824	3
35827	2
35829	2
35830	1
35831	2
35833	12
35845	3
35848	1
35849	4
35853	1
35854	3
35857	4
35861	9
35870	3
35873	1
35874	9
35883	23
35906	3
35909	2
35910	2
35911	1
35912	7
35919	8
35927	15
35942	4
35946	9
35955	3
35958	1
35959	2
35961	3
35964	12
35976	2
35978	1
35979	2
35981	1
35982	3
35985	14
35999	8
36007	8
36015	4
36019	12
36031	4
36035	4
36039	24
36063	2
36065	2
36067	3
36070	2
36072	5
36077	7
36084	4
36088	2
36090	19
36109	1
36110	2
36112	13
36125	3
36128	1
36129	4
36133	3
36136	6
36142	2
36144	3
36147	4
36151	2
36153	3
36156	5
36161	2
36163	4
36167	2
36169	2
36171	3
36174	2
36176	5
36181	2
36183	2
36185	2
36186	1
36187	3
36190	1
36191	4
36195	2
36197	2
36199	2
36201	2
36203	5
36208	4
36212	3
36215	4
36219	3
36222	10
36232	2
36233	1
36234	4
36238	9
36247	8
36255	5
36260	13
36273	26
36299	12
36311	8
36319	30
36349	8
36357	7
36364	10
36374	8
36382	4
36386	3
36389	12
36401	4
36405	3
36408	5
36413	8
36421	2
36423	2
36425	5
36430	4
36434	3
36437	4
36441	2
36443	4
36447	6
36453	4
36457	4
36461	5
36466	4
36470	4
36474	2
36476	4
36480	3
36483	2
36485	2
36487	5
36492	2
36493	1
36494	5
36499	3
36502	8
36510	3
36513	2
36515	2
36517	2
36519	2
36521	15
36536	2
36537	2
36538	1
36539	2
36541	10
36551	2
36553	15
36568	9
36577	8
36585	2
36587	12
36599	5
36604	6
36610	13
36623	2
36625	4
36629	8
36637	9
36646	2
36647	1
36648	2
36650	14
36664	1
36665	2
36667	2
36668	2
36669	1
36670	14
36684	2
36686	2
36688	3
36691	2
36693	5
36698	6
36704	10
36714	15
36729	2
36731	3
36734	3
36737	4
36741	5
36746	4
36750	5
36755	2
36757	1
36758	2
36760	1
36761	6
36767	4
36771	2
36773	6
36779	3
36782	1
36783	14
36797	22
36819	1
36820	18
36838	2
36839	1
36840	3
36843	5
36848	2
36850	2
36852	4
36856	1
36857	4
36861	18
36879	2
36881	12
36893	2
36895	5
36900	5
36905	4
36909	7
36916	3
36919	21
36940	2
36942	2
36944	8
36952	1
36953	2
36955	1
36956	3
36959	3
36962	1
36963	2
36965	5
36970	2
36972	2
36974	9
36983	2
36985	9
36994	3
36997	2
36999	2
37001	2
37003	2
37004	1
37005	4
37009	2
37011	4
37015	2
37017	4
37021	6
37027	4
37031	2
37033	9
37042	5
37047	5
37052	2
37054	8
37062	1
37063	2
37065	3
37068	2
37070	4
37074	25
37099	9
37108	2
37110	11
37121	2
37123	8
37131	6
37137	20
37157	27
37184	5
37189	7
37196	10
37206	2
37208	2
37210	2
37212	5
37217	2
37218	1
37219	2
37221	6
37227	5
37232	7
37239	7
37246	2
37248	25
37273	4
37277	6
37283	1
37284	4
37288	2
37290	1
37291	4
37295	2
37297	2
37299	2
37301	2
37303	4
37307	11
37318	2
37320	2
37322	5
37327	15
37342	2
37344	8
37352	14
37366	9
37375	4
37379	3
37382	4
37386	5
37391	4
37395	2
37396	2
37397	1
37398	7
37405	4
37409	8
37417	2
37419	3
37422	17
37439	14
37453	2
37455	1
37456	19
37475	3
37478	4
37482	4
37486	2
37488	6
37494	4
37498	4
37502	2
37504	2
37506	4
37510	19
37529	12
37541	4
37545	2
37547	5
37552	5
37557	7
37564	1
37565	2
37567	2
37569	14
37583	4
37587	2
37589	4
37593	6
37599	1
37600	3
37603	2
37605	2
37607	23
37630	6
37636	2
37638	18
37656	3
37659	4
37663	2
37665	1
37666	10
37676	14
37690	4
37694	3
37697	10
37707	4
37711	3
37714	2
37715	1
37716	7
37723	8
37731	2
37732	1
37733	2
37735	1
37736	19
37755	5
37760	4
37764	3
37767	7
37774	4
37778	4
37782	1
37783	2
37785	3
37788	3
37791	3
37794	14
37808	2
37810	2
37811	2
37812	2
37813	1
37814	2
37816	2
37818	1
37819	3
37822	3
37825	2
37826	2
37827	1
37828	4
37832	7
37839	2
37841	2
37843	16
37859	1
37860	3
37863	2
37865	2
37867	12
37879	2
37881	3
37884	7
37891	2
37893	1
37894	4
37898	9
37907	2
37909	9
37918	3
37921	7
37928	8
37936	7
37943	33
37976	1
37977	4
37981	7
37988	9
37997	6
38003	13
38016	10
38026	2
38028	10
38038	2
38040	3
38043	1
38044	3
38047	7
38054	4
38058	5
38063	5
38068	3
38071	3
38074	2
38076	2
38078	1
38079	11
38090	11
38101	2
38102	1
38103	3
38106	4
38110	12
38122	15
38137	3
38140	3
38143	3
38146	2
38148	2
38150	13
38163	2
38165	6
38171	24
38195	3
38198	20
38218	2
38220	2
38222	2
38224	2
38226	4
38230	2
38232	2
38234	2
38236	2
38238	18
38256	12
38268	1
38269	2
38271	6
38277	20
38297	12
38309	4
38313	3
38316	2
38318	2
38320	3
38323	24
38347	1
38348	2
38350	1
38351	11
38362	4
38366	4
38370	8
38378	7
38385	2
38386	1
38387	2
38389	3
38392	6
38398	2
38400	4
38404	2
38406	2
38408	9
38417	3
38420	3
38423	4
38427	3
38430	5
38435	4
38439	5
38444	7
38451	7
38458	2
38460	3
38463	2
38465	4
38469	2
38471	3
38474	2
38476	2
38478	7
38485	10
38495	13
38508	14
38522	10
38532	10
38542	6
38548	2
38550	3
38553	2
38555	17
38572	10
38582	6
38588	7
38595	7
38602	3
38605	4
38609	5
38614	2
38616	5
38621	2
38622	1
38623	4
38627	4
38631	3
38634	3
38637	2
38639	2
38641	1
38642	4
38646	5
38651	4
38655	2
38657	2
38658	2
38659	1
38660	4
38664	4
38668	7
38675	2
38677	2
38679	6
38685	8
38693	6
38699	1
38700	7
38707	7
38714	1
38715	2
38717	2
38719	13
38732	8
38740	30
38770	23
38793	9
38802	10
38812	3
38815	7
38822	1
38823	2
38825	3
38828	6
38834	10
38844	3
38847	4
38851	8
38859	2
38861	2
38863	4
38867	7
38874	4
38878	5
38883	2
38885	3
38888	2
38890	8
38898	10
38908	2
38910	3
38913	8
38921	1
38922	3
38925	2
38927	4
38931	3
38934	4
38938	10
38948	4
38952	13
38965	10
38975	2
38977	2
38979	3
38982	5
38987	2
38989	2
38991	2
38993	16
39009	12
39021	2
39023	9
39032	4
39036	2
39038	2
39040	2
39042	4
39046	7
39053	4
39057	2
39059	10
39069	13
39082	6
39088	1
39089	3
39092	5
39097	2
39099	5
39104	4
39108	1
39109	4
39113	7
39120	4
39124	12
39136	3
39139	8
39147	4
39151	2
39153	2
39154	1
39155	2
39157	2
39159	2
39161	6
39167	3
39170	19
39189	6
39195	2
39197	2
39199	
