57
412
511
485
563
828
891
1153
1063
959
1013
1170
1231
1270
1313
1259
1309
1261
1988
1829
1820
1521
1499
1314
1260
865
821
757
559
258
128
0
137
41
162
175
464
396
287
184
123
202
85
84
10
59
184
214
240
302
150
31
0
125
139
209
261
388
714
528
538
555
547
576
614
268
169
92
100
16
399
495
615
597
649
662
636
653
758
1245
1233
1183
1101
904
1020
1122
1286
1304
1440
1824
1824
1875
2000
2101
2093
1978
1936
1904
1727
1707
1694
1648
1549
1543
1456
1366
1333
1352
1484
1483
1566
1358
1306
1195
1979
2089
2079
2040
2057
1976
1970
1968
1813
1784
1719
1906
1847
1770
1637
1530
1513
1271
1191
1189
1181
991
651
537
511
444
425
416
340
425
943
1129
1356
1383
1428
1375
1367
1330
1293
1269
1224
1181
929
898
687
669
47
8
0
5
21
153
174
50
0
126
196
217
317
322
387
531
334
335
453
576
623
733
634
787
856
970
890
878
1038
979
1055
1358
1480
1257
1138
1040
875
710
955
1061
1215
1497
1462
1356
1343
1317
1256
1319
1084
1040
1039
925
899
844
770
629
505
682
896
760
668
630
609
505
299
283
197
189
147
0
67
134
175
185
161
44
24
233
252
518
484
423
381
377
330
290
269
265
241
86
0
33
126
90
74
129
17
92
73
113
399
699
700
1032
1185
1203
1152
1137
1209
1311
1240
1411
1402
1338
1584
1447
1445
1400
1312
1201
1184
626
533
438
415
324
0
119
642
769
787
790
942
914
990
782
485
346
453
464
543
562
571
606
614
828
836
794
774
799
833
862
923
1076
1094
1124
1138
1185
1279
1284
1318
1389
1268
1069
1142
1189
1307
1361
1358
1367
1381
1447
1461
1421
1574
1282
1223
1146
1106
1039
739
524
584
7
95
145
86
51
15
11
9
0
11
52
63
241
257
475
617
676
754
795
810
866
971
790
820
820
815
855
908
914
1034
1178
1193
1304
1403
1433
1512
1550
1817
1864
1902
1963
2246
2305
1874
577
554
512
880
609
538
540
502
698
665
478
32
188
376
177
332
350
364
303
385
547
485
424
577
1042
1077
1188
1298
1984
2042
2041
2043
2210
2252
2563
2644
2652
2604
2499
2569
2833
2985
3019
3265
3184
3100
3013
3072
3039
3032
3050
2941
2916
2820
2498
2340
2285
2240
2465
2620
2492
2695
2563
2543
2487
2450
2433
2408
2354
2251
2088
1898
1859
1844
1793
1732
1429
1381
1284
1317
1282
1379
1413
1461
1419
1422
1250
944
918
897
993
1182
1306
1285
1453
1653
1753
1806
1650
1754
2188
2168
2071
1959
2002
2047
2009
1806
1847
2215
2464
2403
3010
3250
3209
3205
3435
3528
2943
3361
3545
3698
3741
3831
4268
4239
4688
4912
4961
5053
5225
5404
5406
5389
5598
5433
5732
5402
5327
5326
5121
5076
5007
4795
4743
4578
4682
4517
4439
4437
4374
4357
4075
3966
3369
3067
2861
2933
2836
2669
2662
2572
2569
2556
2440
2390
2354
2350
2332
1950
1892
1840
1702
1598
1567
1589
1504
1149
1135
1122
1099
1006
972
958
862
796
959
1213
1277
1165
1056
956
733
711
638
622
492
442
440
434
298
263
257
237
101
83
0
0
414
433
297
285
208
104
176
227
272
185
322
133
305
299
414
933
1056
1419
1364
1365
1436
1534
1480
1433
1429
1417
1526
1512
1456
1445
1191
1178
1110
1068
881
841
782
596
565
493
395
386
294
0
212
199
101
286
306
341
465
594
753
784
1315
1328
1342
1446
1514
1526
1554
1557
1631
1730
1554
1512
1274
1187
1117
1389
913
981
995
1250
1173
1220
1228
1231
1275
1305
1471
1528
1746
1799
1847
1883
2068
2116
2093
1976
1962
1960
2019
2064
2088
2201
2249
2272
2326
2477
2483
2499
2759
2794
2885
2600
2724
2294
1925
2042
1828
1889
1567
1457
1609
1443
1315
1342
1343
1391
1354
1368
1321
1453
1302
1178
807
900
874
583
357
316
375
272
258
393
82
10
117
230
304
293
281
283
107
240
110
542
575
624
922
918
855
712
502
382
214
146
72
0
104
169
280
281
762
847
858
554
765
807
743
677
356
190
435
590
598
803
812
843
891
1039
1086
1272
1291
1376
1566
1761
1856
1917
1964
2106
2014
1973
1908
1507
1561
1573
1189
1258
1278
1323
1340
825
838
927
973
667
660
424
545
697
767
852
999
1021
1108
964
910
917
956
1094
1206
1208
1268
1171
882
832
884
877
841
932
627
546
954
1170
1187
1234
1519
1553
1556
1615
1740
1775
1785
1862
1827
1870
1727
1605
1572
1467
985
1010
946
712
505
336
175
247
74
21
35
147
63
46
0
69
112
140
237
307
316
813
870
1061
805
489
142
93
80
79
53
64
321
583
573
509
262
281
158
99
185
319
751
1222
1191
1151
1204
1134
973
860
1400
1693
2093
2542
2528
2624
2493
2616
3072
3241
3262
3295
3470
3762
3802
3798
3765
3761
3711
3917
3981
4196
4544
4611
4704
4612
4541
4210
4155
4114
4110
4411
4413
4284
4323
4285
4264
4081
3895
3924
3684
3596
3562
3554
3530
3275
3084
2952
2896
2789
2772
2715
2698
2602
2583
2429
2376
2372
2297
2069
2046
2390
2232
2308
2271
2144
1967
1963
1879
1803
1728
1721
1700
1672
1569
1393
1390
1332
1312
1185
1146
1016
997
958
731
824
1056
1051
902
789
698
687
522
387
382
331
283
237
232
93
41
0
39
