10031   73014
10238   98916
10242   66300
10277   97814
10344   83292
10363   61094
10392   51646
10505   22364
10705   40376
10815   39901
10834   34900
10869   26173
10875   16521
10887   98374
10996   21728
11052   95791
11099   61734
11201   33499
11297   50795
11456   95791
11465   91804
11764   13285
11786   34931
11971   98374
12025   77446
12420   28900
12464   68541
12528   22130
12726   98916
13027   23792
13157   20346
13285   72243
13429   23798
13588   29405
13728   65706
13733   89585
13760   20346
13879   64243
14057   89657
14163   40376
14237   54358
14288   78631
14434   35517
14452   82122
14572   86974
14615   99603
14625   62052
14671   98362
14682   98916
14730   28900
14890   58523
15015   78049
15046   98916
15171   27816
15185   98374
15255   53500
15307   77446
15434   61734
15760   36747
15814   98374
15918   50087
15963   26384
16012   70360
16170   48400
16233   91468
16331   31258
16427   34871
16429   68541
16440   69113
16566   68541
16632   21897
16708   29405
16747   79017
16823   98374
16983   12462
17044   86336
17074   39901
17308   20346
17329   20899
17370   35661
17409   61734
17479   66515
17578   66788
17821   83795
17832   65920
18016   63772
18052   66788
18103   13285
18113   60075
18129   98916
18166   68541
18176   61256
18197   93778
18216   29620
18224   51468
18339   22036
18381   52328
18442   61734
18619   62557
18639   61545
18652   44005
18698   61094
18797   64268
18803   39901
18890   78631
18980   38254
19013   56348
19065   77446
19106   22364
19137   58766
19158   66788
19397   36827
19543   29405
19704   13285
19749   35813
19808   31190
19956   50397
19996   75565
20073   82512
20154   11191
20160   83646
20162   77446
20317   34871
20346   83807
20411   79767
20458   45112
20517   68541
20594   77936
20727   96945
20834   38571
20851   44476
21093   31258
21173   13285
21175   82122
21183   62690
21373   81177
21713   26696
21827   63629
21853   23792
21920   22364
21939   82512
21948   69139
22075   52433
22114   99603
22130   45848
22150   39901
22179   52910
22201   82512
22364   44940
22417   31817
22425   81852
22462   23279
22499   53665
22523   15286
22568   61256
22611   40376
22863   86785
22894   26775
23105   64417
23123   31258
23745   68753
23784   77789
23792   95066
23797   13285
23813   14490
23951   10088
24020   67035
24144   83850
24194   53105
24320   66399
24390   12106
24411   66572
24511   89853
24516   33815
24581   59570
24780   62690
24795   10762
25018   66572
25093   51468
25158   27060
25193   12039
25204   22035
25385   89306
25386   35813
25528   78631
25669   40376
25806   66509
25897   20849
26002   39901
26081   72575
26264   78372
26294   20317
26336   35661
26559   45234
26678   52650
26776   48041
26941   71642
27106   34871
27159   78631
27237   61256
27254   32069
27278   54255
27313   62690
27419   49560
27432   20051
27458   18662
27551   86335
27581   61256
27816   98916
27860   51468
27861   53315
27975   55981
28001   39901
28056   25937
28130   89936
28271   78631
28395   61256
28431   13285
28509   77446
28645   95137
28737   86974
28775   22364
28796   86974
28900   23792
29106   28298
29122   40376
29208   12408
29216   68226
29258   61754
29405   20346
29472   67550
29539   88770
29580   10650
29590   35661
29781   20317
29829   27652
29890   52066
30160   91715
30330   15408
30463   84566
30706   47034
30802   98374
30877   29405
30881   61256
30928   62052
30968   62690
30989   42965
30993   82512
31017   35731
31172   11658
31258   50430
31291   48238
31384   44477
31427   15594
31428   36441
31692   98916
31800   69139
31801   84428
31950   15046
31956   56969
32017   91553
32219   24194
32245   71996
32272   82512
32314   30981
32323   35661
32411   51681
32536   98374
32606   39901
32676   34871
32770   78631
32775   62690
32839   24194
33094   31225
33287   87639
33424   11774
33426   40376
33471   98916
33559   50566
33670   28775
33687   82149
34245   99603
34338   98916
34433   39901
34456   98916
34547   24194
34871   51468
34990   86694
35513   61734
35640   61734
35658   83795
35661   22364
35813   69139
35814   78631
35921   69139
35949   64043
36002   90403
36007   61734
36114   24194
36125   20197
36204   40376
36223   14536
36232   22130
36267   31258
36275   77446
36489   66572
36567   94015
36571   22130
36587   51215
36612   29914
36646   99815
36675   98987
36736   76359
36889   86974
36907   81744
36937   36761
36951   78631
36998   98916
37092   23073
37097   62690
37160   86690
37301   88128
37438   65122
37510   23792
37622   60352
37936   61256
38068   99603
38149   66572
38185   96194
38402   31258
38511   66788
38756   62052
38834   73718
38878   98762
39137   95325
39202   68929
39241   85194
39257   34871
39267   15380
39293   97881
39310   53542
39320   39901
39381   33563
39433   80508
39647   99603
39756   58055
39815   88563
39850   13908
39886   57790
39890   82624
39892   37035
39901   94180
39912   68541
39953   67342
39964   39901
40142   31258
40158   35777
40376   95791
40518   54255
40577   61608
40655   66572
40696   44729
40711   62052
40767   22364
40872   68541
40961   96415
41096   35813
41146   75460
41191   35661
41231   87261
41284   27040
41290   31893
41410   77446
41554   40376
41569   61734
41680   22364
41779   73577
41809   98156
41888   77446
41926   82925
42193   37130
42240   83795
42278   49216
42339   16540
42622   14360
42681   61094
42702   66572
42781   47864
42782   12309
42794   66079
43176   78631
43183   40376
43217   91863
43323   60348
43467   78806
43760   50461
43869   28900
43972   20620
43973   50325
43991   35813
44100   51468
44300   83864
44397   75998
44590   98374
44593   70853
44809   34871
44849   75485
45097   86974
45348   83795
45424   32416
45493   29405
45672   85223
45685   23792
45699   22539
45736   36788
45790   71364
45822   28775
45897   37920
45998   72739
46028   56766
46148   98374
46176   51468
46236   13285
46382   35813
46454   77446
46568   99603
46647   17362
46727   62690
46734   68257
46814   17420
46822   82512
46903   39901
46987   77824
47074   51199
47215   14224
47286   32918
47365   29405
47380   86974
47520   51468
47642   54509
47746   68541
48209   75402
48375   14885
48481   52039
48555   68541
48564   15619
48579   38018
48723   40376
48773   18642
48905   69139
48925   27816
48981   51468
49018   46070
49035   54255
49060   52912
49114   65262
49217   99603
49380   22364
49570   66788
49609   66760
49624   34871
49675   18087
49736   29405
50039   64048
50087   15046
50184   69139
50329   77446
50399   74710
50509   31563
50548   23792
50553   66788
50620   98916
50625   13566
50816   74433
51192   34871
51240   66572
51431   75661
51440   62705
51468   24249
51604   14275
51627   82122
51652   54595
51662   61502
51693   29405
51694   36170
51892   88913
51911   49067
52067   34432
52087   83795
52184   29113
52302   74556
52356   68460
52387   43204
52462   97340
52703   93929
52748   22364
52752   16550
52780   23792
52865   80456
52971   34871
53098   20346
53280   86974
53326   99603
53331   51468
53393   20346
54026   23792
54047   80026
54054   15032
54092   85880
54222   37457
54224   23792
54255   66788
54527   51961
54579   34871
54658   29405
54690   19553
54727   40171
54850   66572
54944   66788
54946   28775
54999   40276
55026   62690
55237   69139
55307   34871
55644   44957
55767   35661
55768   78631
55973   83795
56018   20317
56087   23535
56299   51468
56351   49034
56516   98916
56574   67650
56739   98916
56817   62289
56819   39901
56882   29405
56899   79559
57181   98916
57290   22130
57887   78631
58189   69139
58395   15040
58569   14674
58709   66788
58920   61094
58946   35813
59162   20346
59165   28469
59178   31337
59294   29927
59344   66788
59380   19138
59384   34871
59402   40376
59784   40376
59842   14809
59894   57408
60032   40376
60156   70703
60314   34871
60434   69139
60548   62973
60903   50287
60917   98916
60930   62690
60953   82122
61046   66572
61080   98374
61094   54261
61190   98374
61256   47938
61330   51468
61344   14922
61413   35813
61525   18852
61634   23792
61734   92736
61957   82512
61979   61734
62052   60624
62068   97829
62198   66788
62248   69139
62250   36480
62256   20755
62392   27816
62427   72651
62433   28900
62453   63513
62589   23792
62607   75650
62690   55244
62705   26019
63119   77046
63138   38796
63234   48739
63258   50558
63281   99603
63301   74886
63337   62052
63402   77446
63500   62937
63642   38111
63721   98916
63915   28775
63938   59651
63969   69126
64003   60388
64189   40376
64206   66079
64265   61589
64342   61039
64445   49058
64484   97925
64545   62690
64599   33304
64646   39901
64650   24194
64662   78921
64774   22364
64887   13285
65053   77446
65070   20317
65381   63073
65394   60670
65462   68541
65504   11768
65691   66589
65731   50087
65790   14562
65976   80500
66007   98916
66079   72103
66177   13629
66186   57599
66278   27816
66572   98374
66784   69988
66788   83807
66861   24683
67074   15046
67094   83807
67129   23792
67253   22364
67382   97046
67541   89573
67572   72363
68103   43062
68116   27816
68130   78631
68234   89731
68302   11847
68314   61256
68342   86974
68345   44179
68437   35813
68538   51029
68541   66572
68547   66572
68616   62052
68737   97123
68767   20590
69091   85340
69139   31502
69238   88614
69335   39901
69710   62690
69714   73572
69761   78631
69769   62690
69772   49833
69816   52014
69846   42783
70012   37373
70069   51468
70287   28114
70340   20417
70388   33526
70424   20346
70609   66079
70657   83807
70846   98374
70905   66987
71075   89904
71086   35813
71158   16258
71203   13285
71227   93187
71340   77446
71388   98374
71411   96871
71465   56921
71616   33673
71622   20346
71638   28900
71898   31258
71933   65810
72024   12311
72027   82450
72169   63197
72282   62690
72285   39901
72525   29405
72531   71440
72742   53446
72799   82122
72821   19407
73049   34871
73085   31258
73311   15046
73445   78735
73523   79097
73634   90961
73717   77781
73943   56489
73972   46762
74192   99479
74316   50766
74371   98916
74379   24194
74477   61881
74592   66572
74774   17706
74790   78631
74842   12157
74931   10907
74982   17203
75031   22130
75279   74526
75320   75413
75423   62690
75577   85634
75715   99430
75844   11283
75858   15046
75931   71232
75944   18725
76105   37309
76119   55268
76266   72180
76286   22364
76327   28900
76422   50715
76499   35842
76528   68541
76591   94653
76734   83795
76944   37563
77064   98157
77232   66079
77300   66788
77374   32945
77446   61734
77550   68541
77615   78631
77726   76376
77727   69139
78208   52158
78293   25816
78304   78631
78335   51888
78554   74773
78631   76828
78679   62052
78726   83194
78728   46714
78821   86974
79066   34871
79221   35813
79229   98374
79434   77446
79443   18679
79474   35813
79522   97407
79670   47774
79717   66788
79903   61734
79922   66079
80007   24194
80197   29405
80392   23792
80487   28775
80548   61256
80699   26639
80912   17961
80935   10753
80990   69427
81005   83795
81066   86974
81328   86974
81599   40376
81607   13285
81714   15465
81763   98405
81823   22364
81848   17710
82002   45833
82122   74191
82252   54471
82320   32023
82411   39901
82512   52047
82546   62690
82667   66788
82819   39901
82889   81347
82974   95791
83121   81284
83143   14519
83257   77446
83414   62705
83422   66572
83429   39901
83468   68541
83606   23792
83718   35167
83720   22415
83780   34010
83795   17632
83807   38797
83871   23584
83928   91550
84071   27319
84089   39901
84224   95653
84273   98374
84341   34871
84749   14347
84965   43494
84982   57963
85029   49719
85314   15046
85348   80418
85351   51468
85410   76902
85547   24461
85582   77421
85592   59267
85669   51468
85677   13285
85734   62690
85983   99480
86033   20346
86138   66808
86174   40376
86179   83795
86233   48880
86286   33987
86346   22364
86385   97997
86480   62690
86510   83248
86583   22130
86616   56531
86715   62690
86750   35661
86827   68541
86911   13890
86928   24194
86974   40376
87043   42282
87086   42228
87114   38161
87211   34871
87281   54967
87290   93753
87787   78631
87844   29873
88035   27816
88066   95791
88128   62052
88270   51468
88656   61094
88694   25546
88849   84256
88888   75540
88977   67702
88985   51468
88990   61046
89012   98374
89148   50707
89469   34241
89572   31258
89746   66572
89837   29405
89900   22130
90084   98370
90210   22364
90246   15046
90359   98374
90402   99603
90511   81325
90670   19338
90831   52136
91003   39552
91030   77446
91043   31258
91094   51468
91211   62052
91250   69139
91305   13285
91522   17031
91564   18615
91581   99603
91716   98121
91804   24194
91842   61256
91855   98758
91891   90085
91989   40376
91993   61256
92026   34871
92030   96010
92080   42574
92093   22364
92213   42204
92219   61094
92327   50087
92334   73193
92342   42296
92511   31258
92588   23792
93030   97129
93185   40326
93293   86144
93384   69139
93403   86974
93416   66572
93597   69445
93602   80485
93712   51468
93857   91804
94075   35661
94262   62052
94438   62690
94686   14344
94778   98916
94812   29405
94820   39901
94844   83039
95099   29405
95290   40828
95422   63827
95478   28900
95585   98933
95602   83044
95659   45644
95676   61734
95772   28900
95791   61094
95945   39426
95998   65684
96002   68340
96077   62705
96305   15046
96359   84707
96368   35661
96530   20724
96608   66788
96645   99603
96772   61094
96949   25734
96953   82122
97037   22364
97113   16063
97188   98374
97195   50087
97216   66806
97244   19990
97347   59780
97523   46887
97526   23792
97584   97240
97604   92430
97731   28900
97770   86974
97900   94957
97919   99153
97975   29405
98256   82122
98329   13285
98374   30582
98428   88835
98578   62023
98814   42679
98905   35912
98916   99603
99081   70483
99216   13285
99221   19953
99272   28807
99320   34871
99366   97494
99371   35813
99510   34186
99562   23792
99603   28900
99854   54434
