10031 10088
10238 10650
10242 10753
10277 10762
10344 10907
10363 11191
10392 11283
10505 11658
10705 11768
10815 11774
10834 11847
10869 12039
10875 12106
10887 12157
10996 12309
11052 12311
11099 12408
11201 12462
11297 13285
11456 13285
11465 13285
11764 13285
11786 13285
11971 13285
12025 13285
12420 13285
12464 13285
12528 13285
12726 13285
13027 13285
13157 13285
13285 13285
13429 13566
13588 13629
13728 13890
13733 13908
13760 14224
13879 14275
14057 14344
14163 14347
14237 14360
14288 14490
14434 14519
14452 14536
14572 14562
14615 14674
14625 14809
14671 14885
14682 14922
14730 15032
14890 15040
15015 15046
15046 15046
15171 15046
15185 15046
15255 15046
15307 15046
15434 15046
15760 15046
15814 15286
15918 15380
15963 15408
16012 15465
16170 15594
16233 15619
16331 16063
16427 16258
16429 16521
16440 16540
16566 16550
16632 17031
16708 17203
16747 17362
16823 17420
16983 17632
17044 17706
17074 17710
17308 17961
17329 18087
17370 18615
17409 18642
17479 18662
17578 18679
17821 18725
17832 18852
18016 19138
18052 19338
18103 19407
18113 19553
18129 19953
18166 19990
18176 20051
18197 20197
18216 20317
18224 20317
18339 20317
18381 20317
18442 20346
18619 20346
18639 20346
18652 20346
18698 20346
18797 20346
18803 20346
18890 20346
18980 20346
19013 20346
19065 20417
19106 20590
19137 20620
19158 20724
19397 20755
19543 20849
19704 20899
19749 21728
19808 21897
19956 22035
19996 22036
20073 22130
20154 22130
20160 22130
20162 22130
20317 22130
20346 22130
20411 22130
20458 22364
20517 22364
20594 22364
20727 22364
20834 22364
20851 22364
21093 22364
21173 22364
21175 22364
21183 22364
21373 22364
21713 22364
21827 22364
21853 22364
21920 22364
21939 22364
21948 22364
22075 22415
22114 22539
22130 23073
22150 23279
22179 23535
22201 23584
22364 23792
22417 23792
22425 23792
22462 23792
22499 23792
22523 23792
22568 23792
22611 23792
22863 23792
22894 23792
23105 23792
23123 23792
23745 23792
23784 23792
23792 23792
23797 23792
23813 23792
23951 23798
24020 24194
24144 24194
24194 24194
24320 24194
24390 24194
24411 24194
24511 24194
24516 24194
24581 24194
24780 24249
24795 24461
25018 24683
25093 25546
25158 25734
25193 25816
25204 25937
25385 26019
25386 26173
25528 26384
25669 26639
25806 26696
25897 26775
26002 27040
26081 27060
26264 27319
26294 27652
26336 27816
26559 27816
26678 27816
26776 27816
26941 27816
27106 27816
27159 28114
27237 28298
27254 28469
27278 28775
27313 28775
27419 28775
27432 28775
27458 28775
27551 28807
27581 28900
27816 28900
27860 28900
27861 28900
27975 28900
28001 28900
28056 28900
28130 28900
28271 28900
28395 28900
28431 29113
28509 29405
28645 29405
28737 29405
28775 29405
28796 29405
28900 29405
29106 29405
29122 29405
29208 29405
29216 29405
29258 29405
29405 29405
29472 29405
29539 29405
29580 29405
29590 29405
29781 29620
29829 29873
29890 29914
30160 29927
30330 30582
30463 30981
30706 31190
30802 31225
30877 31258
30881 31258
30928 31258
30968 31258
30989 31258
30993 31258
31017 31258
31172 31258
31258 31258
31291 31258
31384 31258
31427 31337
31428 31502
31692 31563
31800 31817
31801 31893
31950 32023
31956 32069
32017 32416
32219 32918
32245 32945
32272 33304
32314 33499
32323 33526
32411 33563
32536 33673
32606 33815
32676 33987
32770 34010
32775 34186
32839 34241
33094 34432
33287 34871
33424 34871
33426 34871
33471 34871
33559 34871
33670 34871
33687 34871
34245 34871
34338 34871
34433 34871
34456 34871
34547 34871
34871 34871
34990 34871
35513 34871
35640 34871
35658 34871
35661 34871
35813 34871
35814 34900
35921 34931
35949 35167
36002 35517
36007 35661
36114 35661
36125 35661
36204 35661
36223 35661
36232 35661
36267 35661
36275 35661
36489 35661
36567 35731
36571 35777
36587 35813
36612 35813
36646 35813
36675 35813
36736 35813
36889 35813
36907 35813
36937 35813
36951 35813
36998 35813
37092 35813
37097 35813
37160 35842
37301 35912
37438 36170
37510 36441
37622 36480
37936 36747
38068 36761
38149 36788
38185 36827
38402 37035
38511 37130
38756 37309
38834 37373
38878 37457
39137 37563
39202 37920
39241 38018
39257 38111
39267 38161
39293 38254
39310 38571
39320 38796
39381 38797
39433 39426
39647 39552
39756 39901
39815 39901
39850 39901
39886 39901
39890 39901
39892 39901
39901 39901
39912 39901
39953 39901
39964 39901
40142 39901
40158 39901
40376 39901
40518 39901
40577 39901
40655 39901
40696 39901
40711 39901
40767 39901
40872 39901
40961 40171
41096 40276
41146 40326
41191 40376
41231 40376
41284 40376
41290 40376
41410 40376
41554 40376
41569 40376
41680 40376
41779 40376
41809 40376
41888 40376
41926 40376
42193 40376
42240 40376
42278 40376
42339 40376
42622 40376
42681 40376
42702 40828
42781 42204
42782 42228
42794 42282
43176 42296
43183 42574
43217 42679
43323 42783
43467 42965
43760 43062
43869 43204
43972 43494
43973 44005
43991 44179
44100 44476
44300 44477
44397 44729
44590 44940
44593 44957
44809 45112
44849 45234
45097 45644
45348 45833
45424 45848
45493 46070
45672 46714
45685 46762
45699 46887
45736 47034
45790 47774
45822 47864
45897 47938
45998 48041
46028 48238
46148 48400
46176 48739
46236 48880
46382 49034
46454 49058
46568 49067
46647 49216
46727 49560
46734 49719
46814 49833
46822 50087
46903 50087
46987 50087
47074 50087
47215 50287
47286 50325
47365 50397
47380 50430
47520 50461
47642 50558
47746 50566
48209 50707
48375 50715
48481 50766
48555 50795
48564 51029
48579 51199
48723 51215
48773 51468
48905 51468
48925 51468
48981 51468
49018 51468
49035 51468
49060 51468
49114 51468
49217 51468
49380 51468
49570 51468
49609 51468
49624 51468
49675 51468
49736 51468
50039 51468
50087 51468
50184 51468
50329 51646
50399 51681
50509 51888
50548 51961
50553 52014
50620 52039
50625 52047
50816 52066
51192 52136
51240 52158
51431 52328
51440 52433
51468 52650
51604 52910
51627 52912
51652 53105
51662 53315
51693 53446
51694 53500
51892 53542
51911 53665
52067 54255
52087 54255
52184 54255
52302 54261
52356 54358
52387 54434
52462 54471
52703 54509
52748 54595
52752 54967
52780 55244
52865 55268
52971 55981
53098 56348
53280 56489
53326 56531
53331 56766
53393 56921
54026 56969
54047 57408
54054 57599
54092 57790
54222 57963
54224 58055
54255 58523
54527 58766
54579 59267
54658 59570
54690 59651
54727 59780
54850 60075
54944 60348
54946 60352
54999 60388
55026 60624
55237 60670
55307 61039
55644 61046
55767 61094
55768 61094
55973 61094
56018 61094
56087 61094
56299 61094
56351 61094
56516 61094
56574 61256
56739 61256
56817 61256
56819 61256
56882 61256
56899 61256
57181 61256
57290 61256
57887 61256
58189 61256
58395 61256
58569 61502
58709 61545
58920 61589
58946 61608
59162 61734
59165 61734
59178 61734
59294 61734
59344 61734
59380 61734
59384 61734
59402 61734
59784 61734
59842 61734
59894 61734
60032 61734
60156 61754
60314 61881
60434 62023
60548 62052
60903 62052
60917 62052
60930 62052
60953 62052
61046 62052
61080 62052
61094 62052
61190 62052
61256 62052
61330 62289
61344 62557
61413 62690
61525 62690
61634 62690
61734 62690
61957 62690
61979 62690
62052 62690
62068 62690
62198 62690
62248 62690
62250 62690
62256 62690
62392 62690
62427 62690
62433 62690
62453 62690
62589 62690
62607 62690
62690 62690
62705 62705
63119 62705
63138 62705
63234 62937
63258 62973
63281 63073
63301 63197
63337 63513
63402 63629
63500 63772
63642 63827
63721 64043
63915 64048
63938 64243
63969 64268
64003 64417
64189 65122
64206 65262
64265 65684
64342 65706
64445 65810
64484 65920
64545 66079
64599 66079
64646 66079
64650 66079
64662 66079
64774 66300
64887 66399
65053 66509
65070 66515
65381 66572
65394 66572
65462 66572
65504 66572
65691 66572
65731 66572
65790 66572
65976 66572
66007 66572
66079 66572
66177 66572
66186 66572
66278 66572
66572 66572
66784 66572
66788 66589
66861 66760
67074 66788
67094 66788
67129 66788
67253 66788
67382 66788
67541 66788
67572 66788
68103 66788
68116 66788
68130 66788
68234 66788
68302 66788
68314 66788
68342 66788
68345 66788
68437 66806
68538 66808
68541 66987
68547 67035
68616 67342
68737 67550
68767 67650
69091 67702
69139 68226
69238 68257
69335 68340
69710 68460
69714 68541
69761 68541
69769 68541
69772 68541
69816 68541
69846 68541
70012 68541
70069 68541
70287 68541
70340 68541
70388 68541
70424 68541
70609 68541
70657 68541
70846 68753
70905 68929
71075 69113
71086 69126
71158 69139
71203 69139
71227 69139
71340 69139
71388 69139
71411 69139
71465 69139
71616 69139
71622 69139
71638 69139
71898 69139
71933 69139
72024 69139
72027 69427
72169 69445
72282 69988
72285 70360
72525 70483
72531 70703
72742 70853
72799 71232
72821 71364
73049 71440
73085 71642
73311 71996
73445 72103
73523 72180
73634 72243
73717 72363
73943 72575
73972 72651
74192 72739
74316 73014
74371 73193
74379 73572
74477 73577
74592 73718
74774 74191
74790 74433
74842 74526
74931 74556
74982 74710
75031 74773
75279 74886
75320 75402
75423 75413
75577 75460
75715 75485
75844 75540
75858 75565
75931 75650
75944 75661
76105 75998
76119 76359
76266 76376
76286 76828
76327 76902
76422 77046
76499 77421
76528 77446
76591 77446
76734 77446
76944 77446
77064 77446
77232 77446
77300 77446
77374 77446
77446 77446
77550 77446
77615 77446
77726 77446
77727 77446
78208 77446
78293 77446
78304 77446
78335 77781
78554 77789
78631 77824
78679 77936
78726 78049
78728 78372
78821 78631
79066 78631
79221 78631
79229 78631
79434 78631
79443 78631
79474 78631
79522 78631
79670 78631
79717 78631
79903 78631
79922 78631
80007 78631
80197 78631
80392 78631
80487 78631
80548 78631
80699 78735
80912 78806
80935 78921
80990 79017
81005 79097
81066 79559
81328 79767
81599 80026
81607 80418
81714 80456
81763 80485
81823 80500
81848 80508
82002 81177
82122 81284
82252 81325
82320 81347
82411 81744
82512 81852
82546 82122
82667 82122
82819 82122
82889 82122
82974 82122
83121 82122
83143 82122
83257 82149
83414 82450
83422 82512
83429 82512
83468 82512
83606 82512
83718 82512
83720 82512
83780 82512
83795 82624
83807 82925
83871 83039
83928 83044
84071 83194
84089 83248
84224 83292
84273 83646
84341 83795
84749 83795
84965 83795
84982 83795
85029 83795
85314 83795
85348 83795
85351 83795
85410 83795
85547 83807
85582 83807
85592 83807
85669 83807
85677 83850
85734 83864
85983 84256
86033 84428
86138 84566
86174 84707
86179 85194
86233 85223
86286 85340
86346 85634
86385 85880
86480 86144
86510 86335
86583 86336
86616 86690
86715 86694
86750 86785
86827 86974
86911 86974
86928 86974
86974 86974
87043 86974
87086 86974
87114 86974
87211 86974
87281 86974
87290 86974
87787 86974
87844 86974
88035 86974
88066 87261
88128 87639
88270 88128
88656 88563
88694 88614
88849 88770
88888 88835
88977 88913
88985 89306
88990 89573
89012 89585
89148 89657
89469 89731
89572 89853
89746 89904
89837 89936
89900 90085
90084 90403
90210 90961
90246 91468
90359 91550
90402 91553
90511 91715
90670 91804
90831 91804
91003 91863
91030 92430
91043 92736
91094 93187
91211 93753
91250 93778
91305 93929
91522 94015
91564 94180
91581 94653
91716 94957
91804 95066
91842 95137
91855 95325
91891 95653
91989 95791
91993 95791
92026 95791
92030 95791
92080 95791
92093 96010
92213 96194
92219 96415
92327 96871
92334 96945
92342 97046
92511 97123
92588 97129
93030 97240
93185 97340
93293 97407
93384 97494
93403 97814
93416 97829
93597 97881
93602 97925
93712 97997
93857 98121
94075 98156
94262 98157
94438 98362
94686 98370
94778 98374
94812 98374
94820 98374
94844 98374
95099 98374
95290 98374
95422 98374
95478 98374
95585 98374
95602 98374
95659 98374
95676 98374
95772 98374
95791 98374
95945 98374
95998 98374
96002 98374
96077 98374
96305 98374
96359 98405
96368 98758
96530 98762
96608 98916
96645 98916
96772 98916
96949 98916
96953 98916
97037 98916
97113 98916
97188 98916
97195 98916
97216 98916
97244 98916
97347 98916
97523 98916
97526 98916
97584 98916
97604 98916
97731 98916
97770 98916
97900 98916
97919 98916
97975 98933
98256 98987
98329 99153
98374 99430
98428 99479
98578 99480
98814 99603
98905 99603
98916 99603
99081 99603
99216 99603
99221 99603
99272 99603
99320 99603
99366 99603
99371 99603
99510 99603
99562 99603
99603 99603
99854 99815
